,anomaly_type,type,is_clustered,ready,pre_script_start,pre_script_end,submit,stage_in_start,stage_in_end,stage_in_effective_bytes_per_sec,execute_start,execute_end,stage_out_start,stage_out_end,stage_out_effective_bytes_per_sec,post_script_start,post_script_end,wms_delay,pre_script_delay,queue_delay,runtime,post_script_delay,stage_in_delay,stage_in_bytes,stage_out_delay,stage_out_bytes,kickstart_user,kickstart_site,kickstart_hostname,kickstart_transformations,kickstart_executables,kickstart_executables_argv,kickstart_executables_cpu_time,kickstart_status,kickstart_executables_exitcode,kickstart_online_iowait,kickstart_online_bytes_read,kickstart_online_bytes_written,kickstart_online_read_system_calls,kickstart_online_write_system_calls,kickstart_online_utime,kickstart_online_stime,kickstart_online_bytes_read_per_second,kickstart_online_bytes_written_per_second
create_dir_1000-genome_0_condorpool,None,auxiliary,0,1659796942.0,,,1659796943.0,,,0.0,1659796948.0,1659796953.0,,,0.0,1659796953.0,1659796958.0,1.0,,5.0,5.0,5.0,,,,,poseidon,local,host-10-100-100-233.openstacklocal,pegasus::dirmanager,/home/poseidon/pegasus-5.1.0panorama/bin/pegasus-transfer,-n pegasus::dirmanager -N null -i - -R local  -L 1000-genome -T 2022-08-03T06:30:23+00:00 /home/poseidon/pegasus-5.1.0panorama/bin/../bin/pegasus-transfer,0.2,0,0,,,,,,,,,
individuals_ID0000047,None,compute,0,1659796958.0,,,1659796963.0,1659796992.0,1659797067.0,13372345.0,1659796984.0,1659798020.0,1659798014.0,1659798019.0,85124.0,1659798020.0,1659798025.0,5.0,,21.0,1036.0,5.0,75.0,1014283276.0,5.0,387989.0,poseidon,condorpool,worker1-container-28-31,individuals,/var/lib/condor/execute/dir_31405/pegasus.ur5HdicUb/individuals,,940.1,0,0,0.0,1015513449.0,5911691.0,125643.0,2523.0,937.4,1.6,1080333.5,6289.0
individuals_ID0000046,None,compute,0,1659796958.0,,,1659796963.0,1659796990.0,1659797041.0,20126452.0,1659796984.0,1659798004.0,1659797997.0,1659798001.0,76245.0,1659798004.0,1659798009.0,5.0,,21.0,1020.0,5.0,51.0,1014283276.0,4.0,357127.0,poseidon,condorpool,worker2-container-28-31,individuals,/var/lib/condor/execute/dir_48678/pegasus.amfrXvspN/individuals,,945.6,0,0,0.0,1029358547.0,5944649.0,131209.0,2533.0,943.0,2.3,1083535.3,6257.5
individuals_ID0000045,None,compute,0,1659796958.0,,,1659796963.0,1659796990.0,1659797059.0,14763430.0,1659796984.0,1659798009.0,1659798001.0,1659798006.0,74138.0,1659798009.0,1659798014.0,5.0,,21.0,1025.0,5.0,69.0,1014283276.0,5.0,337579.0,poseidon,condorpool,worker1-container-4-7,individuals,/var/lib/condor/execute/dir_33954/pegasus.Dmr8g5c5n/individuals,,935.7,0,0,0.0,1015508817.0,4774944.0,125628.0,2506.0,920.9,8.1,1091945.0,5134.3
individuals_ID0000044,None,compute,0,1659796958.0,,,1659796963.0,1659796991.0,1659797050.0,17015547.0,1659796984.0,1659798015.0,1659798005.0,1659798010.0,97721.0,1659798015.0,1659798020.0,5.0,,21.0,1031.0,5.0,59.0,1014283276.0,5.0,465794.0,poseidon,condorpool,worker2-container-32-35,individuals,/var/lib/condor/execute/dir_44096/pegasus.4GXhZ6BgX/individuals,,949.1,0,0,0.1,1015515336.0,6929614.0,125645.0,2497.0,937.5,1.9,1080335.5,7371.9
individuals_ID0000049,None,compute,0,1659796958.0,,,1659796963.0,1659796992.0,1659797058.0,15449454.0,1659796984.0,1659798020.0,1659798014.0,1659798018.0,87343.0,1659798020.0,1659798025.0,5.0,,21.0,1036.0,5.0,66.0,1014283276.0,4.0,409328.0,poseidon,condorpool,worker1-container-32-35,individuals,/var/lib/condor/execute/dir_36967/pegasus.mBK2Sr8G3/individuals,,948.9,0,0,0.0,1024274493.0,6288387.0,129312.0,2518.0,946.4,1.9,1078183.7,6619.4
individuals_ID0000048,None,compute,0,1659796958.0,,,1659796963.0,1659796991.0,1659797026.0,28692710.0,1659796984.0,1659797973.0,1659797964.0,1659797968.0,106519.0,1659797973.0,1659797978.0,5.0,,21.0,989.0,5.0,35.0,1014283276.0,4.0,488968.0,poseidon,condorpool,worker2-container-4-7,individuals,/var/lib/condor/execute/dir_59697/pegasus.ro6R0cJH1/individuals,,931.8,0,0,0.0,1015505095.0,7056221.0,125618.0,2521.0,927.1,2.3,1091941.0,7587.3
individuals_ID0000032,None,compute,0,1659796958.0,,,1659796963.0,1659796992.0,1659797061.0,14610491.0,1659796984.0,1659798020.0,1659798009.0,1659798014.0,71577.0,1659798020.0,1659798025.0,5.0,,21.0,1036.0,5.0,69.0,1014283276.0,5.0,325811.0,poseidon,condorpool,worker1-container-36-39,individuals,/var/lib/condor/execute/dir_42160/pegasus.Ktufbbx0d/individuals,,941.7,0,0,0.0,1015507889.0,5182731.0,125631.0,2517.0,936.3,2.4,1080327.5,5513.5
individuals_ID0000031,None,compute,0,1659796958.0,,,1659796963.0,1659796993.0,1659797058.0,15629312.0,1659796984.0,1659798035.0,1659798028.0,1659798032.0,59034.0,1659798035.0,1659798040.0,5.0,,21.0,1051.0,5.0,65.0,1014283276.0,4.0,260301.0,poseidon,condorpool,worker1-container-20-23,individuals,/var/lib/condor/execute/dir_39499/pegasus.KkLKJ6p1N/individuals,,964.3,0,0,0.0,1015509929.0,4450484.0,125649.0,2510.0,957.6,1.8,1057822.8,4635.9
individuals_ID0000030,None,compute,0,1659796958.0,,,1659796963.0,1659796992.0,1659797057.0,15478756.0,1659796984.0,1659798025.0,1659798015.0,1659798020.0,48820.0,1659798025.0,1659798030.0,5.0,,21.0,1041.0,5.0,65.0,1014283276.0,5.0,221812.0,poseidon,condorpool,worker2-container-24-27,individuals,/var/lib/condor/execute/dir_45800/pegasus.vlHTQf3Jd/individuals,,951.6,0,0,0.1,1015519114.0,3263325.0,125660.0,2520.0,947.7,1.6,1068967.5,3435.1
individuals_ID0000036,None,compute,0,1659796958.0,,,1659796963.0,1659796992.0,1659797037.0,22984042.0,1659796984.0,1659798009.0,1659798003.0,1659798008.0,45731.0,1659798009.0,1659798014.0,5.0,,21.0,1025.0,5.0,45.0,1014283276.0,5.0,216132.0,poseidon,condorpool,worker2-container-8-11,individuals,/var/lib/condor/execute/dir_63176/pegasus.3xhPC4mpH/individuals,,960.3,0,0,0.0,1015505759.0,3897677.0,125639.0,2523.0,957.2,2.0,1057818.5,4060.1
sifting_ID0000104,None,compute,0,1659796958.0,,,1659796963.0,1659796993.0,1659797076.0,20464365.0,1659796984.0,1659797098.0,1659797088.0,1659797093.0,218448.0,1659797098.0,1659797103.0,5.0,,21.0,114.0,5.0,83.0,1708159164.0,5.0,1055195.0,poseidon,condorpool,worker1-container-8-11,sifting,/var/lib/condor/execute/dir_33044/pegasus.DEu9kRmq1/sifting,,4.7,0,0,,,,,,,,,
individuals_ID0000035,None,compute,0,1659796958.0,,,1659796963.0,1659796993.0,1659797057.0,15957338.0,1659796984.0,1659798004.0,1659797995.0,1659797999.0,87887.0,1659798004.0,1659798009.0,5.0,,21.0,1020.0,5.0,64.0,1014283276.0,4.0,409854.0,poseidon,condorpool,worker1-container-0-3,individuals,/var/lib/condor/execute/dir_50795/pegasus.24kCZZ2bw/individuals,,931.0,0,0,0.0,1015508879.0,6822342.0,125628.0,2519.0,926.1,2.1,1091945.0,7335.9
individuals_ID0000033,None,compute,0,1659796958.0,,,1659796963.0,1659796992.0,1659797027.0,29212041.0,1659796984.0,1659797983.0,1659797977.0,1659797981.0,90029.0,1659797983.0,1659797988.0,5.0,,21.0,999.0,5.0,35.0,1014283276.0,4.0,416674.0,poseidon,condorpool,worker2-container-12-15,individuals,/var/lib/condor/execute/dir_60217/pegasus.yvDXd4Ryh/individuals,,942.6,0,0,0.0,1015515278.0,6603474.0,125645.0,2515.0,936.8,1.6,1080335.4,7025.0
individuals_ID0000039,None,compute,0,1659796958.0,,,1659796963.0,1659796993.0,1659797028.0,28900092.0,1659796984.0,1659797998.0,1659797990.0,1659797995.0,61617.0,1659797998.0,1659798003.0,5.0,,21.0,1014.0,5.0,35.0,1014283276.0,5.0,278785.0,poseidon,condorpool,worker2-container-20-23,individuals,/var/lib/condor/execute/dir_68998/pegasus.Qu4DbIsQk/individuals,,956.2,0,0,0.0,1015519016.0,4245125.0,125660.0,2507.0,946.9,2.7,1068967.4,4468.6
individuals_ID0000038,None,compute,0,1659796958.0,,,1659796963.0,1659796993.0,1659797037.0,23307446.0,1659796984.0,1659797978.0,1659797973.0,1659797977.0,66628.0,1659797978.0,1659797983.0,5.0,,21.0,994.0,5.0,44.0,1014283276.0,4.0,303221.0,poseidon,condorpool,worker2-container-0-3,individuals,/var/lib/condor/execute/dir_72068/pegasus.cfqr1HHLS/individuals,,929.8,0,0,0.0,1022958170.0,8149178.0,128735.0,2528.0,926.9,2.2,1099955.0,8762.6
individuals_ID0000037,None,compute,0,1659796958.0,,,1659796963.0,1659796992.0,1659797057.0,15776435.0,1659796984.0,1659797993.0,1659797985.0,1659797990.0,59079.0,1659797993.0,1659797998.0,5.0,,21.0,1009.0,5.0,65.0,1014283276.0,5.0,276018.0,poseidon,condorpool,worker2-container-36-39,individuals,/var/lib/condor/execute/dir_49254/pegasus.hSPbJ7FiG/individuals,,922.8,0,0,0.0,1015502219.0,5805491.0,125603.0,2516.0,917.8,1.5,1103806.8,6310.3
individuals_ID0000021,None,compute,0,1659796958.0,,,1659796963.0,1659796990.0,1659797035.0,22644979.0,1659796984.0,1659797988.0,1659797979.0,1659797983.0,131342.0,1659797988.0,1659797993.0,5.0,,21.0,1004.0,5.0,45.0,1014283276.0,4.0,609054.0,poseidon,condorpool,worker1-container-12-15,individuals,/var/lib/condor/execute/dir_33998/pegasus.CkRKhBlOG/individuals,,936.8,0,0,0.0,1015509634.0,9967718.0,125628.0,2506.0,922.7,6.0,1091945.8,10718.0
individuals_ID0000020,None,compute,0,1659796958.0,,,1659796963.0,1659796993.0,1659797054.0,16381269.0,1659796984.0,1659798009.0,1659798002.0,1659798007.0,73630.0,1659798009.0,1659798014.0,5.0,,21.0,1025.0,5.0,61.0,1014283276.0,5.0,338365.0,poseidon,condorpool,worker1-container-16-19,individuals,/var/lib/condor/execute/dir_36631/pegasus.oqSGHVcw5/individuals,,940.9,0,0,0.0,1015507887.0,5927335.0,125631.0,2521.0,937.5,1.5,1080327.5,6305.7
individuals_ID0000025,None,compute,0,1659796958.0,,,1659796963.0,1659796991.0,1659797058.0,15211226.0,1659796984.0,1659798009.0,1659797999.0,1659798003.0,108985.0,1659798009.0,1659798014.0,5.0,,21.0,1025.0,5.0,67.0,1014283276.0,4.0,505451.0,poseidon,condorpool,worker1-container-28-31,individuals,/var/lib/condor/execute/dir_31403/pegasus.8fBhJoo3o/individuals,,934.1,0,0,0.0,1015509746.0,7559402.0,125628.0,2513.0,926.1,3.1,1091946.0,8128.4
individuals_ID0000024,None,compute,0,1659796958.0,,,1659796963.0,1659796990.0,1659797048.0,17388434.0,1659796984.0,1659798035.0,1659798030.0,1659798035.0,75872.0,1659798035.0,1659798040.0,5.0,,21.0,1051.0,5.0,58.0,1014283276.0,5.0,341348.0,poseidon,condorpool,worker1-container-4-7,individuals,/var/lib/condor/execute/dir_33952/pegasus.LLEHQ7gJF/individuals,,974.6,0,0,0.1,1015523841.0,6348985.0,125688.0,2507.0,962.2,6.2,1046931.8,6545.3
individuals_ID0000023,None,compute,0,1659796958.0,,,1659796963.0,1659796990.0,1659797039.0,20866346.0,1659796984.0,1659798004.0,1659797997.0,1659798002.0,49359.0,1659798004.0,1659798009.0,5.0,,21.0,1020.0,5.0,49.0,1014283276.0,5.0,225416.0,poseidon,condorpool,worker1-container-20-23,individuals,/var/lib/condor/execute/dir_39497/pegasus.nE2RSiZds/individuals,,952.6,0,0,0.0,1015517182.0,3549813.0,125658.0,2518.0,945.7,3.8,1068965.5,3736.6
individuals_ID0000022,None,compute,0,1659796958.0,,,1659796963.0,1659796992.0,1659797058.0,15279685.0,1659796984.0,1659798025.0,1659798017.0,1659798021.0,52304.0,1659798025.0,1659798030.0,5.0,,21.0,1041.0,5.0,66.0,1014283276.0,4.0,236306.0,poseidon,condorpool,worker1-container-8-11,individuals,/var/lib/condor/execute/dir_33042/pegasus.x6uZJ1oR4/individuals,,952.3,0,0,0.1,1015516767.0,4067701.0,125658.0,2515.0,947.1,1.9,1068965.0,4281.8
individuals_ID0000034,None,compute,0,1659796958.0,,,1659796963.0,1659796993.0,1659797043.0,20279489.0,1659796984.0,1659798014.0,1659798005.0,1659798010.0,58271.0,1659798014.0,1659798020.0,5.0,,21.0,1030.0,6.0,50.0,1014283276.0,5.0,286490.0,poseidon,condorpool,worker2-container-16-19,individuals,/var/lib/condor/execute/dir_64944/pegasus.nKEdI9bJW/individuals,,955.4,0,0,0.0,1015519158.0,4835066.0,125660.0,2507.0,946.1,3.0,1068967.5,5089.5
individuals_ID0000029,None,compute,0,1659796958.0,,,1659796963.0,1659796992.0,1659797062.0,14329743.0,1659796984.0,1659798004.0,1659797997.0,1659798002.0,50922.0,1659798004.0,1659798009.0,5.0,,21.0,1020.0,5.0,70.0,1014283276.0,5.0,228573.0,poseidon,condorpool,worker2-container-32-35,individuals,/var/lib/condor/execute/dir_44094/pegasus.mlRh49ddL/individuals,,928.0,0,0,0.0,1015496615.0,3627657.0,125591.0,2495.0,917.5,1.4,1103800.7,3943.1
individuals_ID0000040,None,compute,0,1659796958.0,,,1659796963.0,1659796992.0,1659797055.0,16062240.0,1659796984.0,1659798015.0,1659798007.0,1659798011.0,49685.0,1659798015.0,1659798020.0,5.0,,21.0,1031.0,5.0,63.0,1014283276.0,4.0,237188.0,poseidon,condorpool,worker2-container-36-39,individuals,/var/lib/condor/execute/dir_49257/pegasus.RAszMux6T/individuals,,944.5,0,0,0.0,1015509599.0,3145362.0,125633.0,2509.0,937.5,1.2,1080329.4,3346.1
individuals_ID0000042,None,compute,0,1659796958.0,,,1659796963.0,1659796993.0,1659797058.0,15675816.0,1659796984.0,1659798015.0,1659798008.0,1659798013.0,66006.0,1659798015.0,1659798020.0,5.0,,21.0,1031.0,5.0,65.0,1014283276.0,5.0,309208.0,poseidon,condorpool,worker1-container-12-15,individuals,/var/lib/condor/execute/dir_34000/pegasus.Pch7jdYMd/individuals,,944.6,0,0,0.0,1015507881.0,4722716.0,125631.0,2511.0,938.1,1.4,1080327.5,5024.2
individuals_ID0000061,None,compute,0,1659796958.0,,,1659796968.0,1659798000.0,1659798015.0,66448203.0,1659797993.0,1659798831.0,1659798822.0,1659798827.0,86233.0,1659798831.0,1659798836.0,10.0,,1025.0,838.0,5.0,15.0,1014254291.0,5.0,388488.0,poseidon,condorpool,worker2-container-4-7,individuals,/var/lib/condor/execute/dir_61398/pegasus.IvE5mqSPI/individuals,,801.5,0,0,0.0,1015417535.0,4843751.0,125399.0,2521.0,787.1,12.6,1269271.9,6054.7
individuals_ID0000060,None,compute,0,1659796958.0,,,1659796968.0,1659798000.0,1659798019.0,51767392.0,1659797992.0,1659798811.0,1659798802.0,1659798806.0,81097.0,1659798811.0,1659798816.0,10.0,,1024.0,819.0,5.0,19.0,1014254291.0,4.0,369011.0,poseidon,condorpool,worker2-container-36-39,individuals,/var/lib/condor/execute/dir_50671/pegasus.34Dn2YAke/individuals,,777.0,0,0,0.0,1015399942.0,5005158.0,125339.0,2503.0,764.9,5.1,1318701.2,6500.2
individuals_ID0000065,None,compute,0,1659796958.0,,,1659796963.0,1659798001.0,1659798016.0,66916398.0,1659797992.0,1659798821.0,1659798812.0,1659798817.0,109916.0,1659798821.0,1659798826.0,5.0,,1029.0,829.0,5.0,15.0,1014254291.0,5.0,496039.0,poseidon,condorpool,worker2-container-24-27,individuals,/var/lib/condor/execute/dir_47058/pegasus.6K1wSYSom/individuals,,790.4,0,0,0.0,1030275781.0,8575148.0,131155.0,2536.0,783.2,6.9,1304146.6,10854.6
individuals_ID0000064,None,compute,0,1659796958.0,,,1659796963.0,1659797997.0,1659798012.0,67965226.0,1659797991.0,1659798786.0,1659798778.0,1659798783.0,102330.0,1659798786.0,1659798791.0,5.0,,1028.0,795.0,5.0,15.0,1014254291.0,5.0,473000.0,poseidon,condorpool,worker1-container-4-7,individuals,/var/lib/condor/execute/dir_35179/pegasus.LGzTjLo2Q/individuals,,760.9,0,0,0.0,1020965891.0,7741167.0,127545.0,2529.0,746.7,13.4,1343376.2,10185.7
individuals_ID0000063,None,compute,0,1659796958.0,,,1659796963.0,1659797997.0,1659798012.0,67846740.0,1659797990.0,1659798781.0,1659798772.0,1659798776.0,137788.0,1659798781.0,1659798786.0,5.0,,1027.0,791.0,5.0,15.0,1014254291.0,4.0,633451.0,poseidon,condorpool,worker1-container-0-3,individuals,/var/lib/condor/execute/dir_52054/pegasus.nqfN7uIOV/individuals,,754.7,0,0,0.0,1015366418.0,8141732.0,125256.0,2772.0,747.3,2.8,1353821.9,10855.6
individuals_ID0000062,None,compute,0,1659796958.0,,,1659796963.0,1659797999.0,1659798018.0,54082270.0,1659797990.0,1659798801.0,1659798793.0,1659798797.0,145202.0,1659798801.0,1659798806.0,5.0,,1027.0,811.0,5.0,19.0,1014254291.0,4.0,665550.0,poseidon,condorpool,worker1-container-16-19,individuals,/var/lib/condor/execute/dir_37977/pegasus.6OsTlvJ6Y/individuals,,769.3,0,0,0.0,1015386074.0,10596124.0,125304.0,2496.0,746.5,13.1,1336034.3,13942.3
individuals_ID0000102,None,compute,0,1659796958.0,,,1659796963.0,1659797996.0,1659798015.0,54183177.0,1659797989.0,1659798801.0,1659798791.0,1659798796.0,87787.0,1659798801.0,1659798806.0,5.0,,1026.0,812.0,5.0,19.0,1014254291.0,5.0,394740.0,poseidon,condorpool,worker1-container-16-19,individuals,/var/lib/condor/execute/dir_37888/pegasus.s1MSA7CIk/individuals,,770.9,0,0,0.0,1015384282.0,6259844.0,125307.0,2523.0,755.8,14.0,1318680.9,8129.7
individuals_ID0000069,None,compute,0,1659796958.0,,,1659796963.0,1659797998.0,1659798017.0,52949474.0,1659797989.0,1659798811.0,1659798803.0,1659798808.0,103941.0,1659798811.0,1659798816.0,5.0,,1026.0,822.0,5.0,19.0,1014254291.0,5.0,470410.0,poseidon,condorpool,worker2-container-36-39,individuals,/var/lib/condor/execute/dir_50510/pegasus.bz1kk6ngb/individuals,,780.9,0,0,0.0,1018276733.0,7310490.0,126510.0,2527.0,771.4,8.6,1305483.0,9372.4
individuals_ID0000101,None,compute,0,1659796958.0,,,1659796963.0,1659797997.0,1659798012.0,67067756.0,1659797989.0,1659798806.0,1659798800.0,1659798804.0,94045.0,1659798806.0,1659798811.0,5.0,,1026.0,817.0,5.0,15.0,1014254291.0,4.0,426421.0,poseidon,condorpool,worker2-container-16-19,individuals,/var/lib/condor/execute/dir_66418/pegasus.gMb6mWs2c/individuals,,782.2,0,0,0.0,1015395505.0,7629573.0,125336.0,2520.0,765.8,14.0,1301789.1,9781.5
individuals_ID0000068,None,compute,0,1659796958.0,,,1659796963.0,1659797993.0,1659798009.0,66862222.0,1659797987.0,1659798806.0,1659798799.0,1659798804.0,110247.0,1659798806.0,1659798811.0,5.0,,1024.0,819.0,5.0,16.0,1014254291.0,5.0,498197.0,poseidon,condorpool,worker2-container-20-23,individuals,/var/lib/condor/execute/dir_70252/pegasus.AYh7mcpwk/individuals,,785.2,0,0,0.0,1015395458.0,7653654.0,125336.0,2566.0,770.3,9.8,1301789.0,9812.4
individuals_ID0000041,None,compute,0,1659796958.0,,,1659796963.0,1659796990.0,1659797044.0,18790367.0,1659796984.0,1659797993.0,1659797984.0,1659797989.0,68918.0,1659797993.0,1659797998.0,5.0,,21.0,1009.0,5.0,54.0,1014283276.0,5.0,315110.0,poseidon,condorpool,worker1-container-16-19,individuals,/var/lib/condor/execute/dir_36633/pegasus.VN1E4PLD7/individuals,,933.0,0,0,0.0,1015509599.0,5158181.0,125628.0,2515.0,926.8,1.9,1091945.8,5546.4
individuals_ID0000100,None,compute,0,1659796958.0,,,1659796963.0,1659797996.0,1659798014.0,55270577.0,1659797986.0,1659798796.0,1659798790.0,1659798795.0,85671.0,1659798796.0,1659798801.0,5.0,,1023.0,810.0,5.0,18.0,1014254291.0,5.0,401463.0,poseidon,condorpool,worker2-container-12-15,individuals,/var/lib/condor/execute/dir_61638/pegasus.5ylZR3NV7/individuals,,770.8,0,0,0.0,1022750959.0,6521764.0,128193.0,2530.0,767.6,2.4,1328248.0,8469.8
individuals_ID0000066,None,compute,0,1659796958.0,,,1659796963.0,1659797991.0,1659798006.0,67201020.0,1659797984.0,1659798801.0,1659798792.0,1659798796.0,218815.0,1659798801.0,1659798806.0,5.0,,1021.0,817.0,5.0,15.0,1014254291.0,4.0,989403.0,poseidon,condorpool,worker2-container-8-11,individuals,/var/lib/condor/execute/dir_64429/pegasus.7Ta2wX532/individuals,,780.3,0,0,0.0,1038866166.0,14174659.0,133102.0,3171.0,770.5,9.6,1331879.7,18172.6
individuals_ID0000050,None,compute,0,1659796958.0,,,1659796963.0,1659797992.0,1659798010.0,55190285.0,1659797983.0,1659798801.0,1659798791.0,1659798796.0,95278.0,1659798801.0,1659798806.0,5.0,,1020.0,818.0,5.0,18.0,1014283276.0,5.0,449689.0,poseidon,condorpool,worker2-container-12-15,individuals,/var/lib/condor/execute/dir_61476/pegasus.2P2c5cStB/individuals,,775.5,0,0,0.0,1015414994.0,6805886.0,125312.0,2509.0,766.1,3.9,1318720.8,8838.8
individuals_ID0000054,None,compute,0,1659796958.0,,,1659796963.0,1659797986.0,1659798000.0,68865448.0,1659797979.0,1659798796.0,1659798787.0,1659798791.0,60335.0,1659798796.0,1659798801.0,5.0,,1016.0,817.0,5.0,14.0,1014254291.0,4.0,272520.0,poseidon,condorpool,worker2-container-0-3,individuals,/var/lib/condor/execute/dir_73538/pegasus.Pqn2SGVlt/individuals,,781.0,0,0,0.0,1015409902.0,3368760.0,125369.0,2523.0,777.9,2.1,1301807.6,4318.9
individuals_ID0000053,None,compute,0,1659796958.0,,,1659796963.0,1659797978.0,1659797993.0,68999031.0,1659797970.0,1659798691.0,1659798684.0,1659798688.0,49021.0,1659798691.0,1659798696.0,5.0,,1007.0,721.0,5.0,15.0,1014254291.0,4.0,216721.0,poseidon,condorpool,worker2-container-4-7,individuals,/var/lib/condor/execute/dir_61145/pegasus.FPLqP7Lnu/individuals,,685.1,0,0,0.1,1015377833.0,2240014.0,125231.0,2499.0,677.8,2.1,1493202.7,3294.1
individuals_ID0000058,None,compute,0,1659796958.0,,,1659796963.0,1659797970.0,1659797985.0,69384349.0,1659797962.0,1659798791.0,1659798786.0,1659798790.0,69848.0,1659798791.0,1659798796.0,5.0,,999.0,829.0,5.0,15.0,1014254291.0,4.0,312126.0,poseidon,condorpool,worker2-container-16-19,individuals,/var/lib/condor/execute/dir_66163/pegasus.nyYOWsRus/individuals,,795.5,0,0,0.1,1015424197.0,4176927.0,125405.0,2509.0,780.4,9.5,1285347.1,5287.2
individuals_ID0000057,None,compute,0,1659796958.0,,,1659796963.0,1659797961.0,1659797975.0,69834018.0,1659797954.0,1659798786.0,1659798778.0,1659798782.0,61690.0,1659798786.0,1659798791.0,5.0,,991.0,832.0,5.0,14.0,1014254291.0,4.0,273065.0,poseidon,condorpool,worker2-container-4-7,individuals,/var/lib/condor/execute/dir_60913/pegasus.nyNNimdVE/individuals,,794.7,0,0,0.1,1015424809.0,5090833.0,125408.0,2504.0,785.1,2.4,1285347.9,6444.1
individuals_ID0000056,None,compute,0,1659796958.0,,,1659796963.0,1659797957.0,1659797972.0,70020582.0,1659797948.0,1659798761.0,1659798755.0,1659798760.0,63529.0,1659798761.0,1659798766.0,5.0,,985.0,813.0,5.0,15.0,1014254291.0,5.0,283954.0,poseidon,condorpool,worker2-container-0-3,individuals,/var/lib/condor/execute/dir_73283/pegasus.mryyX7Iq0/individuals,,777.8,0,0,0.1,1015424215.0,4935710.0,125393.0,2500.0,767.0,2.6,1318732.7,6410.0
individuals_ID0000055,None,compute,0,1659796958.0,,,1659796963.0,1659797936.0,1659797951.0,70054992.0,1659797927.0,1659798726.0,1659798719.0,1659798724.0,89481.0,1659798726.0,1659798731.0,5.0,,964.0,799.0,5.0,15.0,1014254291.0,5.0,404413.0,poseidon,condorpool,worker1-container-20-23,individuals,/var/lib/condor/execute/dir_40695/pegasus.5a3Tq4UIr/individuals,,763.5,0,0,0.0,1015416473.0,7435746.0,125370.0,2515.0,758.3,1.6,1336074.3,9783.9
individuals_ID0000059,None,compute,0,1659796958.0,,,1659796963.0,1659797103.0,1659797118.0,70179666.0,1659797094.0,1659798065.0,1659798059.0,1659798063.0,75980.0,1659798065.0,1659798070.0,5.0,,131.0,971.0,5.0,15.0,1014254291.0,4.0,342646.0,poseidon,condorpool,worker1-container-8-11,individuals,/var/lib/condor/execute/dir_33901/pegasus.oQO8SLB11/individuals,,934.4,0,0,0.0,1015480206.0,4489934.0,125625.0,2505.0,927.0,1.5,1091914.2,4827.9
individuals_ID0000043,None,compute,0,1659796958.0,,,1659796963.0,1659797096.0,1659797110.0,69905307.0,1659797087.0,1659798055.0,1659798048.0,1659798053.0,87011.0,1659798055.0,1659798060.0,5.0,,124.0,968.0,5.0,14.0,1014283276.0,5.0,385920.0,poseidon,condorpool,worker1-container-24-27,individuals,/var/lib/condor/execute/dir_38663/pegasus.gP1hhsJvw/individuals,,931.1,0,0,0.0,1015509651.0,7360097.0,125628.0,2518.0,926.4,2.1,1091945.9,7914.1
individuals_ID0000067,None,compute,0,1659796958.0,,,1659796963.0,1659797994.0,1659798009.0,68534796.0,1659797985.0,1659798791.0,1659798783.0,1659798788.0,106352.0,1659798791.0,1659798796.0,5.0,,1022.0,806.0,5.0,15.0,1014254291.0,5.0,486892.0,poseidon,condorpool,worker1-container-12-15,individuals,/var/lib/condor/execute/dir_35220/pegasus.7bQiDibQt/individuals,,769.0,0,0,0.0,1015405368.0,6268687.0,125346.0,2498.0,748.6,11.4,1336059.7,8248.3
individuals_ID0000028,None,compute,0,1659796958.0,,,1659796963.0,1659796993.0,1659797055.0,16333385.0,1659796984.0,1659797998.0,1659797990.0,1659797995.0,101963.0,1659797998.0,1659798003.0,5.0,,21.0,1014.0,5.0,62.0,1014283276.0,5.0,466602.0,poseidon,condorpool,worker2-container-28-31,individuals,/var/lib/condor/execute/dir_48676/pegasus.H9XkVUcyG/individuals,,929.0,0,0,0.0,1015507735.0,8163359.0,125615.0,2498.0,917.3,2.0,1103812.8,8873.2
sifting_ID0000052,None,compute,0,1659796958.0,,,1659796963.0,1659796993.0,1659797070.0,20504929.0,1659796984.0,1659797088.0,1659797081.0,1659797085.0,357631.0,1659797088.0,1659797093.0,5.0,,21.0,104.0,5.0,77.0,1580481751.0,4.0,1636846.0,poseidon,condorpool,worker1-container-24-27,sifting,/var/lib/condor/execute/dir_37807/pegasus.ikIG9ptzS/sifting,,4.6,0,0,,,,,,,,,
individuals_ID0000026,None,compute,0,1659796958.0,,,1659796963.0,1659796992.0,1659797038.0,21971649.0,1659796984.0,1659797993.0,1659797987.0,1659797992.0,81879.0,1659797993.0,1659797998.0,5.0,,21.0,1009.0,5.0,46.0,1014283276.0,5.0,386102.0,poseidon,condorpool,worker2-container-4-7,individuals,/var/lib/condor/execute/dir_59695/pegasus.Ki9RIGfmG/individuals,,943.0,0,0,0.0,1015514507.0,6845693.0,125645.0,2517.0,937.1,2.3,1080334.6,7282.7
individuals_ID0000085,None,compute,0,1659796958.0,,,1659796963.0,1659796992.0,1659797044.0,19312220.0,1659796983.0,1659798003.0,1659797994.0,1659797999.0,62974.0,1659798003.0,1659798009.0,5.0,,20.0,1020.0,6.0,52.0,1014254291.0,5.0,291980.0,poseidon,condorpool,worker2-container-20-23,individuals,/var/lib/condor/execute/dir_68994/pegasus.Wzw6a7vbq/individuals,,943.9,0,0,0.1,1015486325.0,4244659.0,125642.0,2513.0,936.9,2.6,1080304.6,4515.6
individuals_ID0000084,None,compute,0,1659796958.0,,,1659796963.0,1659796992.0,1659797061.0,14578310.0,1659796984.0,1659798020.0,1659798015.0,1659798019.0,105863.0,1659798020.0,1659798025.0,5.0,,21.0,1036.0,5.0,69.0,1014254291.0,4.0,486852.0,poseidon,condorpool,worker2-container-36-39,individuals,/var/lib/condor/execute/dir_49253/pegasus.dGyQxFEQv/individuals,,947.3,0,0,0.0,1015486422.0,9748967.0,125642.0,2502.0,937.4,1.9,1080304.7,10371.2
individuals_ID0000009,None,compute,0,1659796958.0,,,1659796963.0,1659796993.0,1659797036.0,23206621.0,1659796983.0,1659798009.0,1659798003.0,1659798008.0,75754.0,1659798009.0,1659798014.0,5.0,,20.0,1026.0,5.0,43.0,1014283276.0,5.0,364911.0,poseidon,condorpool,worker2-container-0-3,individuals,/var/lib/condor/execute/dir_72064/pegasus.deyM9rWQq/individuals,,960.6,0,0,0.0,1019130896.0,5187995.0,127198.0,2527.0,957.4,2.0,1061594.7,5404.2
individuals_ID0000008,None,compute,0,1659796958.0,,,1659796963.0,1659796992.0,1659797065.0,13837625.0,1659796983.0,1659798009.0,1659798004.0,1659798008.0,74971.0,1659798009.0,1659798014.0,5.0,,20.0,1026.0,5.0,73.0,1014283276.0,4.0,353792.0,poseidon,condorpool,worker1-container-8-11,individuals,/var/lib/condor/execute/dir_33039/pegasus.LgQPfmrr5/individuals,,932.2,0,0,0.0,1015503926.0,5658473.0,125616.0,2470.0,927.2,2.1,1091939.7,6084.4
individuals_ID0000003,None,compute,0,1659796958.0,,,1659796963.0,1659796990.0,1659797036.0,21735653.0,1659796983.0,1659797993.0,1659797985.0,1659797989.0,82454.0,1659797993.0,1659797998.0,5.0,,20.0,1010.0,5.0,46.0,1014283276.0,4.0,373057.0,poseidon,condorpool,worker1-container-4-7,individuals,/var/lib/condor/execute/dir_33949/pegasus.aCW8OyICm/individuals,,942.4,0,0,0.0,1015512463.0,4540584.0,125643.0,2510.0,938.1,1.6,1080332.4,4830.4
individuals_ID0000002,None,compute,0,1659796958.0,,,1659796963.0,1659796992.0,1659797057.0,15629770.0,1659796983.0,1659798014.0,1659798004.0,1659798009.0,86023.0,1659798014.0,1659798020.0,5.0,,20.0,1031.0,6.0,65.0,1014283276.0,5.0,408012.0,poseidon,condorpool,worker1-container-16-19,individuals,/var/lib/condor/execute/dir_36628/pegasus.G5DlnQYxv/individuals,,940.8,0,0,0.0,1015513454.0,4348431.0,125643.0,2521.0,936.9,2.0,1080333.5,4626.0
individuals_ID0000089,None,compute,0,1659796958.0,,,1659796963.0,1659796993.0,1659797055.0,16144178.0,1659796983.0,1659798015.0,1659798007.0,1659798012.0,52135.0,1659798015.0,1659798020.0,5.0,,20.0,1032.0,5.0,62.0,1014254291.0,5.0,244888.0,poseidon,condorpool,worker1-container-12-15,individuals,/var/lib/condor/execute/dir_33995/pegasus.8RPePPPBL/individuals,,944.7,0,0,0.0,1015478862.0,2660887.0,125628.0,2322.0,937.1,1.4,1080296.7,2830.7
individuals_ID0000001,None,compute,0,1659796958.0,,,1659796963.0,1659796993.0,1659797060.0,15153250.0,1659796983.0,1659797928.0,1659797921.0,1659797925.0,61497.0,1659797928.0,1659797933.0,5.0,,20.0,945.0,5.0,67.0,1014283276.0,4.0,279200.0,poseidon,condorpool,worker1-container-20-23,individuals,/var/lib/condor/execute/dir_39494/pegasus.2cPrkEqcs/individuals,,855.2,0,0,0.0,1015473862.0,2862134.0,125496.0,2508.0,847.8,1.6,1194675.1,3367.2
individuals_ID0000088,None,compute,0,1659796958.0,,,1659796963.0,1659796992.0,1659797058.0,15573835.0,1659796983.0,1659798030.0,1659798024.0,1659798028.0,48869.0,1659798030.0,1659798035.0,5.0,,20.0,1047.0,5.0,66.0,1014254291.0,4.0,214678.0,poseidon,condorpool,worker1-container-28-31,individuals,/var/lib/condor/execute/dir_31400/pegasus.I0twSvDZF/individuals,,960.2,0,0,0.0,1016431813.0,1722278.0,126129.0,2429.0,956.5,2.7,1058783.1,1794.0
individuals_ID0000007,None,compute,0,1659796958.0,,,1659796963.0,1659796990.0,1659797049.0,17250551.0,1659796983.0,1659798009.0,1659797999.0,1659798004.0,78814.0,1659798009.0,1659798014.0,5.0,,20.0,1026.0,5.0,59.0,1014283276.0,5.0,361224.0,poseidon,condorpool,worker1-container-32-35,individuals,/var/lib/condor/execute/dir_36962/pegasus.68jGSb1nF/individuals,,944.0,0,0,0.0,1015507812.0,4642388.0,125631.0,2513.0,936.6,2.6,1080327.5,4938.7
individuals_ID0000006,None,compute,0,1659796958.0,,,1659796963.0,1659796992.0,1659797052.0,16972300.0,1659796983.0,1659798009.0,1659797999.0,1659798004.0,86925.0,1659798009.0,1659798014.0,5.0,,20.0,1026.0,5.0,60.0,1014283276.0,5.0,391095.0,poseidon,condorpool,worker2-container-28-31,individuals,/var/lib/condor/execute/dir_48673/pegasus.t4F52g6Wm/individuals,,937.2,0,0,0.0,1015509718.0,5764282.0,125633.0,2521.0,933.8,2.0,1080329.5,6132.2
individuals_ID0000005,None,compute,0,1659796958.0,,,1659796963.0,1659796992.0,1659797063.0,14246408.0,1659796983.0,1659798015.0,1659798007.0,1659798012.0,60375.0,1659798015.0,1659798020.0,5.0,,20.0,1032.0,5.0,71.0,1014283276.0,5.0,280629.0,poseidon,condorpool,worker1-container-24-27,individuals,/var/lib/condor/execute/dir_37802/pegasus.nt6YbnMTH/individuals,,937.6,0,0,0.0,1015504095.0,3671815.0,125616.0,2500.0,926.9,2.1,1091939.9,3948.2
individuals_ID0000004,None,compute,0,1659796958.0,,,1659796963.0,1659796990.0,1659797039.0,20501039.0,1659796983.0,1659797993.0,1659797987.0,1659797992.0,96266.0,1659797993.0,1659797998.0,5.0,,20.0,1010.0,5.0,49.0,1014283276.0,5.0,452620.0,poseidon,condorpool,worker1-container-36-39,individuals,/var/lib/condor/execute/dir_42155/pegasus.4eUVonD6X/individuals,,942.1,0,0,0.0,1015513410.0,6760882.0,125643.0,2509.0,937.8,1.8,1080333.4,7192.4
individuals_ID0000072,None,compute,0,1659796958.0,,,1659796963.0,1659796993.0,1659797063.0,14352087.0,1659796983.0,1659798015.0,1659798007.0,1659798012.0,153600.0,1659798015.0,1659798020.0,5.0,,20.0,1032.0,5.0,70.0,1014254291.0,5.0,732744.0,poseidon,condorpool,worker2-container-32-35,individuals,/var/lib/condor/execute/dir_44091/pegasus.FqZELWDQq/individuals,,936.6,0,0,0.0,1015477033.0,12480974.0,125615.0,3403.0,926.6,2.7,1091910.8,13420.4
individuals_ID0000027,None,compute,0,1659796958.0,,,1659796963.0,1659796990.0,1659797049.0,17311955.0,1659796984.0,1659798030.0,1659798022.0,1659798026.0,86109.0,1659798030.0,1659798035.0,5.0,,21.0,1046.0,5.0,59.0,1014283276.0,4.0,389515.0,poseidon,condorpool,worker1-container-32-35,individuals,/var/lib/condor/execute/dir_36965/pegasus.M6ECkVMuj/individuals,,966.5,0,0,0.0,1015509753.0,5588251.0,125649.0,2503.0,957.5,1.7,1057822.7,5821.1
individuals_ID0000070,None,compute,0,1659796958.0,,,1659796963.0,1659796993.0,1659797049.0,18202849.0,1659796983.0,1659797993.0,1659797985.0,1659797990.0,109368.0,1659797993.0,1659797998.0,5.0,,20.0,1010.0,5.0,56.0,1014254291.0,5.0,512903.0,poseidon,condorpool,worker2-container-24-27,individuals,/var/lib/condor/execute/dir_45795/pegasus.xiOvkCC4v/individuals,,929.8,0,0,0.0,1021462418.0,7980028.0,127945.0,2531.0,927.0,1.8,1098346.7,8580.7
individuals_ID0000076,None,compute,0,1659796958.0,,,1659796963.0,1659796991.0,1659797055.0,15949906.0,1659796983.0,1659798004.0,1659797996.0,1659798000.0,114058.0,1659798004.0,1659798009.0,5.0,,20.0,1021.0,5.0,64.0,1014254291.0,4.0,544151.0,poseidon,condorpool,worker1-container-0-3,individuals,/var/lib/condor/execute/dir_50790/pegasus.Q57iwDMAx/individuals,,934.1,0,0,0.0,1015474300.0,8685191.0,125613.0,2512.0,926.3,2.4,1091907.8,9338.9
individuals_ID0000075,None,compute,0,1659796958.0,,,1659796963.0,1659796993.0,1659797038.0,22333748.0,1659796983.0,1659797988.0,1659797978.0,1659797983.0,120938.0,1659797988.0,1659797993.0,5.0,,20.0,1005.0,5.0,45.0,1014254291.0,5.0,552690.0,poseidon,condorpool,worker2-container-8-11,individuals,/var/lib/condor/execute/dir_63171/pegasus.EO4bvqv3c/individuals,,933.7,0,0,0.0,1015482079.0,8448537.0,125627.0,2670.0,926.3,2.8,1091916.2,9084.4
individuals_ID0000074,None,compute,0,1659796958.0,,,1659796963.0,1659796992.0,1659797037.0,22904867.0,1659796983.0,1659798014.0,1659798004.0,1659798009.0,83937.0,1659798014.0,1659798020.0,5.0,,20.0,1031.0,6.0,45.0,1014254291.0,5.0,386503.0,poseidon,condorpool,worker2-container-12-15,individuals,/var/lib/condor/execute/dir_60212/pegasus.7cb5vk5cL/individuals,,961.2,0,0,0.0,1015488333.0,6824545.0,125660.0,2525.0,957.7,1.8,1057800.3,7108.9
individuals_ID0000073,None,compute,0,1659796958.0,,,1659796963.0,1659796992.0,1659797028.0,28820226.0,1659796983.0,1659798004.0,1659797996.0,1659798001.0,114281.0,1659798004.0,1659798009.0,5.0,,20.0,1021.0,5.0,36.0,1014254291.0,5.0,538642.0,poseidon,condorpool,worker2-container-16-19,individuals,/var/lib/condor/execute/dir_64939/pegasus.kGSebDsxb/individuals,,959.9,0,0,0.1,1015493998.0,10577833.0,125672.0,3372.0,955.1,1.9,1057806.2,11018.6
individuals_ID0000079,None,compute,0,1659796958.0,,,1659796963.0,1659796991.0,1659797043.0,19608133.0,1659796983.0,1659797988.0,1659797980.0,1659797985.0,161752.0,1659797988.0,1659797993.0,5.0,,20.0,1005.0,5.0,52.0,1014254291.0,5.0,751359.0,poseidon,condorpool,worker2-container-20-23,individuals,/var/lib/condor/execute/dir_68993/pegasus.91nKxdfoE/individuals,,931.0,0,0,0.0,1015476974.0,9620624.0,125615.0,2602.0,926.8,2.1,1091910.7,10344.8
individuals_ID0000078,None,compute,0,1659796958.0,,,1659796963.0,1659796990.0,1659797034.0,23220913.0,1659796983.0,1659797988.0,1659797983.0,1659797987.0,116870.0,1659797988.0,1659797993.0,5.0,,20.0,1005.0,5.0,44.0,1014254291.0,4.0,548062.0,poseidon,condorpool,worker2-container-36-39,individuals,/var/lib/condor/execute/dir_49251/pegasus.qsMBb6QSp/individuals,,943.3,0,0,0.0,1015486259.0,7834102.0,125642.0,2519.0,937.5,2.1,1080304.5,8334.2
individuals_ID0000077,None,compute,0,1659796958.0,,,1659796963.0,1659796992.0,1659797033.0,24918316.0,1659796983.0,1659797998.0,1659797989.0,1659797993.0,124295.0,1659797998.0,1659798003.0,5.0,,20.0,1015.0,5.0,41.0,1014254291.0,4.0,571179.0,poseidon,condorpool,worker2-container-0-3,individuals,/var/lib/condor/execute/dir_72063/pegasus.jwgjd79fx/individuals,,947.9,0,0,0.1,1036435008.0,9161973.0,134014.0,2544.0,945.5,2.3,1090984.2,9644.2
individuals_ID0000086,None,compute,0,1659796958.0,,,1659796963.0,1659796990.0,1659797021.0,32737548.0,1659796983.0,1659797963.0,1659797956.0,1659797961.0,84489.0,1659797963.0,1659797968.0,5.0,,20.0,980.0,5.0,31.0,1014254291.0,5.0,378905.0,poseidon,condorpool,worker2-container-16-19,individuals,/var/lib/condor/execute/dir_64940/pegasus.PIMPrfcm0/individuals,,929.4,0,0,0.1,1015478697.0,5677687.0,125612.0,2500.0,917.5,2.1,1103781.2,6171.4
individuals_ID0000087,None,compute,0,1659796958.0,,,1659796963.0,1659796990.0,1659797023.0,30966360.0,1659796983.0,1659798004.0,1659797995.0,1659798000.0,45274.0,1659798004.0,1659798009.0,5.0,,20.0,1021.0,5.0,33.0,1014254291.0,5.0,208403.0,poseidon,condorpool,worker2-container-12-15,individuals,/var/lib/condor/execute/dir_60213/pegasus.b7QJBGseu/individuals,,966.2,0,0,0.0,1015488267.0,1557283.0,125660.0,2433.0,956.9,2.5,1057800.3,1622.2
individuals_ID0000071,None,compute,0,1659796958.0,,,1659796963.0,1659796991.0,1659797037.0,22407638.0,1659796983.0,1659798014.0,1659798004.0,1659798009.0,218697.0,1659798014.0,1659798020.0,5.0,,20.0,1031.0,6.0,46.0,1014254291.0,5.0,1041512.0,poseidon,condorpool,worker2-container-4-7,individuals,/var/lib/condor/execute/dir_59692/pegasus.A3PuPDGXp/individuals,,957.5,0,0,0.1,1038343342.0,15758866.0,133302.0,3038.0,953.4,3.1,1081607.6,16415.5
individuals_ID0000081,None,compute,0,1659796958.0,,,1659796963.0,1659796990.0,1659797043.0,19278034.0,1659796983.0,1659797993.0,1659797984.0,1659797989.0,92447.0,1659797993.0,1659797998.0,5.0,,20.0,1010.0,5.0,53.0,1014254291.0,5.0,433968.0,poseidon,condorpool,worker1-container-0-3,individuals,/var/lib/condor/execute/dir_50791/pegasus.DGEco19Zi/individuals,,935.7,0,0,0.0,1015474210.0,6601871.0,125613.0,2511.0,928.2,1.5,1091907.8,7098.8
individuals_ID0000080,None,compute,0,1659796958.0,,,1659796963.0,1659796993.0,1659797037.0,23326234.0,1659796983.0,1659797993.0,1659797987.0,1659797992.0,128035.0,1659797993.0,1659797998.0,5.0,,20.0,1010.0,5.0,44.0,1014254291.0,5.0,585966.0,poseidon,condorpool,worker2-container-8-11,individuals,/var/lib/condor/execute/dir_63172/pegasus.JFm0j0C4K/individuals,,943.6,0,0,0.0,1015474793.0,8385822.0,125618.0,2514.0,936.7,2.2,1080292.3,8921.1
individuals_ID0000094,None,compute,0,1659796958.0,,,1659796963.0,1659796992.0,1659797063.0,14325105.0,1659796984.0,1659798020.0,1659798010.0,1659798014.0,99515.0,1659798020.0,1659798025.0,5.0,,21.0,1036.0,5.0,71.0,1014254291.0,4.0,446719.0,poseidon,condorpool,worker1-container-24-27,individuals,/var/lib/condor/execute/dir_37805/pegasus.wu6IcWXdJ/individuals,,940.4,0,0,0.1,1019177265.0,6852003.0,127214.0,2527.0,937.0,2.3,1084231.1,7289.4
individuals_ID0000093,None,compute,0,1659796958.0,,,1659796963.0,1659796990.0,1659797043.0,19214049.0,1659796984.0,1659797998.0,1659797990.0,1659797995.0,92245.0,1659797998.0,1659798003.0,5.0,,21.0,1014.0,5.0,53.0,1014254291.0,5.0,424294.0,poseidon,condorpool,worker1-container-0-3,individuals,/var/lib/condor/execute/dir_50793/pegasus.DcGbdBOVW/individuals,,941.9,0,0,0.0,1015483547.0,6384334.0,125640.0,2522.0,938.1,1.6,1080301.6,6791.8
individuals_ID0000092,None,compute,0,1659796958.0,,,1659796963.0,1659796993.0,1659797041.0,21123848.0,1659796984.0,1659798004.0,1659797997.0,1659798001.0,60135.0,1659798004.0,1659798009.0,5.0,,21.0,1020.0,5.0,48.0,1014254291.0,4.0,286221.0,poseidon,condorpool,worker2-container-24-27,individuals,/var/lib/condor/execute/dir_45798/pegasus.HanNzrvaa/individuals,,949.6,0,0,0.1,1024278595.0,4853031.0,129389.0,2525.0,946.9,2.2,1078188.0,5108.5
individuals_ID0000091,None,compute,0,1659796958.0,,,1659796963.0,1659796993.0,1659797037.0,22723526.0,1659796984.0,1659798025.0,1659798016.0,1659798021.0,49648.0,1659798025.0,1659798030.0,5.0,,21.0,1041.0,5.0,44.0,1014254291.0,5.0,224580.0,poseidon,condorpool,worker2-container-8-11,individuals,/var/lib/condor/execute/dir_63174/pegasus.hqlTwIDuW/individuals,,971.8,0,0,0.1,1015491559.0,2698291.0,125675.0,2518.0,967.3,1.6,1046898.5,2781.7
individuals_ID0000098,None,compute,0,1659796958.0,,,1659796963.0,1659796993.0,1659797060.0,14955459.0,1659796984.0,1659798009.0,1659798003.0,1659798007.0,95787.0,1659798009.0,1659798014.0,5.0,,21.0,1025.0,5.0,67.0,1014254291.0,4.0,437419.0,poseidon,condorpool,worker1-container-36-39,individuals,/var/lib/condor/execute/dir_42158/pegasus.lrY5KQ8cK/individuals,,935.8,0,0,0.0,1015469587.0,6092532.0,125601.0,2507.0,926.9,2.1,1091902.8,6551.1
individuals_ID0000010,None,compute,0,1659796958.0,,,1659796963.0,1659796992.0,1659797040.0,20806306.0,1659796984.0,1659797988.0,1659797980.0,1659797985.0,87186.0,1659797988.0,1659797993.0,5.0,,21.0,1004.0,5.0,48.0,1014283276.0,5.0,393447.0,poseidon,condorpool,worker2-container-12-15,individuals,/var/lib/condor/execute/dir_60215/pegasus.S1MHMCje4/individuals,,933.8,0,0,0.1,1015511710.0,5594593.0,125630.0,2451.0,925.6,3.5,1091948.1,6015.7
individuals_ID0000097,None,compute,0,1659796958.0,,,1659796963.0,1659796992.0,1659797034.0,24222673.0,1659796984.0,1659797988.0,1659797982.0,1659797987.0,100558.0,1659797988.0,1659797993.0,5.0,,21.0,1004.0,5.0,42.0,1014254291.0,5.0,469173.0,poseidon,condorpool,worker2-container-16-19,individuals,/var/lib/condor/execute/dir_64942/pegasus.rYZdBSYTm/individuals,,942.9,0,0,0.0,1015486395.0,7347536.0,125642.0,2518.0,937.3,2.1,1080304.7,7816.5
individuals_ID0000095,None,compute,0,1659796958.0,,,1659796963.0,1659796990.0,1659797018.0,36615689.0,1659796984.0,1659797948.0,1659797942.0,1659797947.0,87113.0,1659797948.0,1659797953.0,5.0,,21.0,964.0,5.0,28.0,1014254291.0,5.0,405421.0,poseidon,condorpool,worker2-container-0-3,individuals,/var/lib/condor/execute/dir_72066/pegasus.qRDfuHX5b/individuals,,918.0,0,0,0.0,1015474096.0,6079418.0,125597.0,2504.0,907.2,2.2,1115905.6,6680.7
individuals_ID0000090,None,compute,0,1659796958.0,,,1659796963.0,1659796992.0,1659797063.0,14274196.0,1659796984.0,1659798020.0,1659798015.0,1659798019.0,86428.0,1659798020.0,1659798025.0,5.0,,21.0,1036.0,5.0,71.0,1014254291.0,4.0,405800.0,poseidon,condorpool,worker1-container-12-15,individuals,/var/lib/condor/execute/dir_33996/pegasus.LjjvuqAnT/individuals,,945.8,0,0,0.0,1015484488.0,5922885.0,125640.0,2506.0,937.7,1.8,1080302.6,6300.9
individuals_ID0000019,None,compute,0,1659796958.0,,,1659796963.0,1659796993.0,1659797060.0,15192782.0,1659796984.0,1659798025.0,1659798016.0,1659798021.0,79203.0,1659798025.0,1659798030.0,5.0,,21.0,1041.0,5.0,67.0,1014283276.0,5.0,365164.0,poseidon,condorpool,worker1-container-20-23,individuals,/var/lib/condor/execute/dir_39495/pegasus.uvn6PFb1J/individuals,,949.5,0,0,0.0,1015517157.0,5501584.0,125658.0,2523.0,946.7,1.6,1068965.4,5791.1
individuals_ID0000096,None,compute,0,1659796958.0,,,1659796963.0,1659796992.0,1659797043.0,19791725.0,1659796984.0,1659798040.0,1659798035.0,1659798039.0,98083.0,1659798040.0,1659798045.0,5.0,,21.0,1056.0,5.0,51.0,1014254291.0,4.0,443461.0,poseidon,condorpool,worker2-container-20-23,individuals,/var/lib/condor/execute/dir_68996/pegasus.zFaMqt6JN/individuals,,984.6,0,0,0.1,1015490407.0,7812571.0,125678.0,2507.0,976.3,1.9,1036214.7,7972.0
individuals_ID0000013,None,compute,0,1659796958.0,,,1659796963.0,1659796993.0,1659797067.0,13636441.0,1659796985.0,1659798030.0,1659798024.0,1659798028.0,45898.0,1659798030.0,1659798035.0,5.0,,22.0,1045.0,5.0,74.0,1014283276.0,4.0,204054.0,poseidon,condorpool,worker1-container-8-11,individuals,/var/lib/condor/execute/dir_33040/pegasus.0w9rUlbBQ/individuals,,950.3,0,0,0.0,1015516878.0,2347297.0,125658.0,2449.0,947.0,2.5,1068965.1,2470.8
individuals_ID0000082,None,compute,0,1659796958.0,,,1659796963.0,1659796990.0,1659797037.0,21726888.0,1659796983.0,1659797993.0,1659797987.0,1659797992.0,118093.0,1659797993.0,1659797998.0,5.0,,20.0,1010.0,5.0,47.0,1014254291.0,5.0,548107.0,poseidon,condorpool,worker2-container-24-27,individuals,/var/lib/condor/execute/dir_45796/pegasus.8klvYVt4M/individuals,,944.2,0,0,0.0,1015480741.0,8757661.0,125630.0,2519.0,936.2,3.1,1080298.7,9316.7
individuals_ID0000083,None,compute,0,1659796958.0,,,1659796963.0,1659796992.0,1659797026.0,29638828.0,1659796983.0,1659797953.0,1659797948.0,1659797952.0,105475.0,1659797953.0,1659797958.0,5.0,,20.0,970.0,5.0,34.0,1014254291.0,4.0,482801.0,poseidon,condorpool,worker2-container-4-7,individuals,/var/lib/condor/execute/dir_59693/pegasus.WcDXxsTdH/individuals,,915.5,0,0,0.0,1015474295.0,7780779.0,125597.0,2511.0,907.3,2.1,1115905.8,8550.3
individuals_ID0000014,None,compute,0,1659796958.0,,,1659796963.0,1659796990.0,1659797041.0,19815365.0,1659796984.0,1659797993.0,1659797983.0,1659797988.0,100497.0,1659797993.0,1659797998.0,5.0,,21.0,1009.0,5.0,51.0,1014283276.0,5.0,457648.0,poseidon,condorpool,worker1-container-16-19,individuals,/var/lib/condor/execute/dir_36629/pegasus.iUqvjwC5w/individuals,,936.0,0,0,0.0,1015504079.0,8164777.0,125616.0,2509.0,925.0,4.4,1091939.9,8779.3
individuals_ID0000016,None,compute,0,1659796958.0,,,1659796963.0,1659796993.0,1659797062.0,14685835.0,1659796983.0,1659798020.0,1659798010.0,1659798015.0,69864.0,1659798020.0,1659798025.0,5.0,,20.0,1037.0,5.0,69.0,1014283276.0,5.0,318179.0,poseidon,condorpool,worker1-container-24-27,individuals,/var/lib/condor/execute/dir_37803/pegasus.zhjbLBfAT/individuals,,943.0,0,0,0.0,1015502290.0,5333531.0,125619.0,2476.0,937.9,1.7,1080321.6,5674.0
individuals_ID0000017,None,compute,0,1659796958.0,,,1659796963.0,1659796990.0,1659797049.0,17069063.0,1659796983.0,1659797998.0,1659797991.0,1659797996.0,64228.0,1659797998.0,1659798003.0,5.0,,20.0,1015.0,5.0,59.0,1014283276.0,5.0,310454.0,poseidon,condorpool,worker1-container-32-35,individuals,/var/lib/condor/execute/dir_36963/pegasus.g2KlPwuTg/individuals,,935.0,0,0,0.0,1015509800.0,4161157.0,125628.0,2469.0,927.0,2.1,1091946.0,4474.4
individuals_ID0000015,None,compute,0,1659796958.0,,,1659796963.0,1659796991.0,1659797061.0,14478016.0,1659796983.0,1659798015.0,1659798009.0,1659798014.0,81101.0,1659798015.0,1659798020.0,5.0,,20.0,1032.0,5.0,70.0,1014283276.0,5.0,378837.0,poseidon,condorpool,worker1-container-36-39,individuals,/var/lib/condor/execute/dir_42156/pegasus.t8ZQ1e5eW/individuals,,941.2,0,0,0.0,1015513468.0,6406343.0,125643.0,2414.0,937.1,2.0,1080333.5,6815.3
individuals_ID0000011,None,compute,0,1659796958.0,,,1659796963.0,1659796991.0,1659797042.0,19903014.0,1659796983.0,1659798020.0,1659798011.0,1659798016.0,68901.0,1659798020.0,1659798025.0,5.0,,20.0,1037.0,5.0,51.0,1014283276.0,5.0,328795.0,poseidon,condorpool,worker2-container-28-31,individuals,/var/lib/condor/execute/dir_48674/pegasus.EJf64gqwH/individuals,,961.6,0,0,0.1,1015522922.0,4019953.0,125675.0,2484.0,957.2,1.4,1057836.4,4187.5
individuals_ID0000099,None,compute,0,1659796958.0,,,1659796963.0,1659796993.0,1659797058.0,15732908.0,1659796984.0,1659798015.0,1659798006.0,1659798010.0,91086.0,1659798015.0,1659798020.0,5.0,,21.0,1031.0,5.0,65.0,1014254291.0,4.0,424593.0,poseidon,condorpool,worker1-container-4-7,individuals,/var/lib/condor/execute/dir_33950/pegasus.7zHOkQZ1r/individuals,,942.0,0,0,0.0,1015478038.0,6392142.0,125628.0,2520.0,938.1,1.4,1080295.8,6800.2
individuals_ID0000012,None,compute,0,1659796958.0,,,1659796963.0,1659796992.0,1659797052.0,17097858.0,1659796984.0,1659798004.0,1659797997.0,1659798001.0,74920.0,1659798004.0,1659798009.0,5.0,,21.0,1020.0,5.0,60.0,1014283276.0,4.0,351678.0,poseidon,condorpool,worker1-container-28-31,individuals,/var/lib/condor/execute/dir_31401/pegasus.PRzutO0Tz/individuals,,938.2,0,0,0.0,1015509549.0,4954035.0,125628.0,2391.0,926.8,2.1,1091945.8,5326.9
individuals_ID0000018,None,compute,0,1659796958.0,,,1659796963.0,1659796993.0,1659797064.0,14260913.0,1659796984.0,1659798015.0,1659798008.0,1659798013.0,74789.0,1659798015.0,1659798020.0,5.0,,21.0,1031.0,5.0,71.0,1014283276.0,5.0,351273.0,poseidon,condorpool,worker2-container-32-35,individuals,/var/lib/condor/execute/dir_44092/pegasus.JTHodLZI2/individuals,,938.7,0,0,0.0,1015511665.0,7742475.0,125630.0,2481.0,927.0,2.5,1091948.0,8325.2
individuals_merge_ID0000051,None,compute,0,1659798806.0,,,1659798811.0,1659798822.0,1659798835.0,1315248.0,1659798812.0,1659798961.0,1659798955.0,1659798960.0,11729888.0,1659798961.0,1659798966.0,5.0,,1.0,149.0,5.0,13.0,17591875.0,5.0,69092786.0,poseidon,condorpool,worker2-container-24-27,individuals_merge,/var/lib/condor/execute/dir_47474/pegasus.57UGWQ0xv/individuals_merge,,113.1,0,0,0.0,560837851.0,604756566.0,279532.0,161044.0,104.1,5.9,5098525.9,5497787.0
individuals_merge_ID0000103,None,compute,0,1659798836.0,,,1659798841.0,1659798849.0,1659798863.0,1643858.0,1659798842.0,1659799016.0,1659799005.0,1659799011.0,13922783.0,1659799016.0,1659799021.0,5.0,,1.0,174.0,5.0,14.0,22824560.0,6.0,85677902.0,poseidon,condorpool,worker2-container-24-27,individuals_merge,/var/lib/condor/execute/dir_47948/pegasus.TnYHVx3Rc/individuals_merge,,135.9,0,0,0.0,694909647.0,755896287.0,288027.0,170114.0,123.7,6.4,5345458.8,5814586.8
mutation_overlap_ID0000113,None,compute,0,1659798966.0,,,1659798971.0,1659798991.0,1659798995.0,18488554.0,1659798982.0,1659799016.0,1659799007.0,1659799011.0,190512.0,1659799016.0,1659799021.0,5.0,,11.0,34.0,5.0,4.0,70771715.0,4.0,868465.0,poseidon,condorpool,worker2-container-28-31,mutation_overlap,/var/lib/condor/execute/dir_50038/pegasus.eXKUODOjA/mutation_overlap,,6.7,0,0,,,,,,,,,
frequency_ID0000116,None,compute,0,1659798966.0,,,1659798971.0,1659798991.0,1659798995.0,18694536.0,1659798982.0,1659799231.0,1659799223.0,1659799228.0,3214537.0,1659799231.0,1659799236.0,5.0,,11.0,249.0,5.0,4.0,70788457.0,5.0,16077430.0,poseidon,condorpool,worker1-container-0-3,frequency,/var/lib/condor/execute/dir_52473/pegasus.jUniwCR2z/frequency,,222.0,0,0,0.0,2882132486.0,294849051.0,673753.0,24083.0,214.0,6.0,13100602.2,1340223.0
frequency_ID0000108,None,compute,0,1659798966.0,,,1659798971.0,1659798989.0,1659798992.0,18924014.0,1659798982.0,1659799247.0,1659799237.0,1659799241.0,3684495.0,1659799247.0,1659799252.0,5.0,,11.0,265.0,5.0,3.0,70768545.0,4.0,18062506.0,poseidon,condorpool,worker1-container-24-27,frequency,/var/lib/condor/execute/dir_39410/pegasus.lyJ0uvnlb/frequency,,238.7,0,0,0.0,3100488375.0,296065203.0,745233.0,23939.0,223.2,6.8,13480384.2,1287240.0
frequency_ID0000118,None,compute,0,1659798966.0,,,1659798971.0,1659798989.0,1659798992.0,18949933.0,1659798982.0,1659799211.0,1659799205.0,1659799210.0,2972790.0,1659799211.0,1659799216.0,5.0,,11.0,229.0,5.0,3.0,70765705.0,5.0,15282764.0,poseidon,condorpool,worker1-container-36-39,frequency,/var/lib/condor/execute/dir_43518/pegasus.0yMAtnCS2/frequency,,206.6,0,0,0.0,2573757063.0,291944707.0,622343.0,23937.0,194.0,6.0,12868785.3,1459723.5
frequency_ID0000106,None,compute,0,1659798966.0,,,1659798971.0,1659798990.0,1659798994.0,18715115.0,1659798982.0,1659799196.0,1659799186.0,1659799191.0,2693739.0,1659799196.0,1659799201.0,5.0,,11.0,214.0,5.0,4.0,70761313.0,5.0,13925234.0,poseidon,condorpool,worker2-container-32-35,frequency,/var/lib/condor/execute/dir_45451/pegasus.HZPQDQe1x/frequency,,186.7,0,0,0.0,2051305609.0,290405212.0,499096.0,23893.0,174.8,5.1,11396142.3,1613362.3
mutation_overlap_ID0000111,None,compute,0,1659798966.0,,,1659798971.0,1659798991.0,1659798995.0,18670744.0,1659798982.0,1659799016.0,1659799007.0,1659799011.0,174032.0,1659799016.0,1659799021.0,5.0,,11.0,34.0,5.0,4.0,70772131.0,4.0,849636.0,poseidon,condorpool,worker2-container-4-7,mutation_overlap,/var/lib/condor/execute/dir_62022/pegasus.41B4h69jI/mutation_overlap,,6.3,0,0,,,,,,,,,
mutation_overlap_ID0000117,None,compute,0,1659798966.0,,,1659798971.0,1659798989.0,1659798993.0,18597115.0,1659798982.0,1659799011.0,1659799005.0,1659799009.0,190460.0,1659799011.0,1659799016.0,5.0,,11.0,29.0,5.0,4.0,70772067.0,4.0,870955.0,poseidon,condorpool,worker2-container-8-11,mutation_overlap,/var/lib/condor/execute/dir_64864/pegasus.bXufLMryp/mutation_overlap,,6.4,0,0,,,,,,,,,
frequency_ID0000114,None,compute,0,1659798966.0,,,1659798971.0,1659798989.0,1659798993.0,18811259.0,1659798982.0,1659799231.0,1659799225.0,1659799230.0,3208128.0,1659799231.0,1659799236.0,5.0,,11.0,249.0,5.0,4.0,70765353.0,5.0,15640741.0,poseidon,condorpool,worker2-container-0-3,frequency,/var/lib/condor/execute/dir_74075/pegasus.fQtoMpG2Y/frequency,,226.8,0,0,0.0,2662176826.0,292313428.0,643099.0,23934.0,213.1,6.8,12100803.8,1328697.4
mutation_overlap_ID0000115,None,compute,0,1659798966.0,,,1659798971.0,1659798991.0,1659798995.0,18341848.0,1659798982.0,1659799046.0,1659799036.0,1659799041.0,633856.0,1659799046.0,1659799051.0,5.0,,11.0,64.0,5.0,4.0,70794819.0,5.0,2955548.0,poseidon,condorpool,worker2-container-16-19,mutation_overlap,/var/lib/condor/execute/dir_66955/pegasus.e7hGi1NfN/mutation_overlap,,35.7,0,0,0.1,355930977.0,287178121.0,25023.0,19473.0,29.4,0.5,11864365.9,14358906.1
mutation_overlap_ID0000105,None,compute,0,1659798966.0,,,1659798971.0,1659798991.0,1659798995.0,18415632.0,1659798982.0,1659799011.0,1659799005.0,1659799009.0,155846.0,1659799011.0,1659799016.0,5.0,,11.0,29.0,5.0,4.0,70767675.0,4.0,721358.0,poseidon,condorpool,worker2-container-20-23,mutation_overlap,/var/lib/condor/execute/dir_70686/pegasus.10zRj5keG/mutation_overlap,,4.1,0,0,,,,,,,,,
frequency_ID0000110,None,compute,0,1659798966.0,,,1659798971.0,1659798991.0,1659798995.0,18624661.0,1659798982.0,1659799221.0,1659799211.0,1659799216.0,3013007.0,1659799221.0,1659799226.0,5.0,,11.0,239.0,5.0,4.0,70764705.0,5.0,15052652.0,poseidon,condorpool,worker2-container-36-39,frequency,/var/lib/condor/execute/dir_51262/pegasus.gVX7BlwOU/frequency,,210.2,0,0,0.1,2484209033.0,304074593.0,605223.0,24555.0,203.8,6.1,11829566.8,1447974.3
frequency_ID0000112,None,compute,0,1659798966.0,,,1659798971.0,1659798989.0,1659798993.0,18738044.0,1659798982.0,1659799206.0,1659799196.0,1659799201.0,2927458.0,1659799206.0,1659799211.0,5.0,,11.0,224.0,5.0,4.0,70765769.0,5.0,14302859.0,poseidon,condorpool,worker2-container-24-27,frequency,/var/lib/condor/execute/dir_48670/pegasus.BECPMFIsh/frequency,,197.6,0,0,0.1,2173492674.0,290925763.0,525875.0,23912.0,183.8,6.1,11439435.1,1531188.2
mutation_overlap_ID0000109,None,compute,0,1659798966.0,,,1659798971.0,1659798980.0,1659798984.0,18478839.0,1659798972.0,1659799001.0,1659798995.0,1659799000.0,182865.0,1659799001.0,1659799006.0,5.0,,1.0,29.0,5.0,4.0,70771067.0,5.0,827251.0,poseidon,condorpool,worker2-container-24-27,mutation_overlap,/var/lib/condor/execute/dir_48477/pegasus.VDRYTwzvV/mutation_overlap,,5.5,0,0,,,,,,,,,
mutation_overlap_ID0000107,None,compute,0,1659798966.0,,,1659798971.0,1659798991.0,1659798995.0,18584240.0,1659798982.0,1659799016.0,1659799010.0,1659799014.0,220663.0,1659799016.0,1659799021.0,5.0,,11.0,34.0,5.0,4.0,70774907.0,4.0,1006220.0,poseidon,condorpool,worker2-container-12-15,mutation_overlap,/var/lib/condor/execute/dir_62227/pegasus.BtRq5qNon/mutation_overlap,,8.9,0,0,,,,,,,,,
mutation_overlap_ID0000125,None,compute,0,1659799021.0,,,1659799026.0,1659799035.0,1659799039.0,21744787.0,1659799027.0,1659799056.0,1659799051.0,1659799056.0,146481.0,1659799056.0,1659799061.0,5.0,,1.0,29.0,5.0,4.0,86775596.0,5.0,674954.0,poseidon,condorpool,worker2-container-8-11,mutation_overlap,/var/lib/condor/execute/dir_65137/pegasus.Ly5VGwBcX/mutation_overlap,,6.5,0,0,,,,,,,,,
frequency_ID0000128,None,compute,0,1659799021.0,,,1659799026.0,1659799034.0,1659799038.0,21899047.0,1659799027.0,1659799201.0,1659799194.0,1659799199.0,2407088.0,1659799201.0,1659799206.0,5.0,,1.0,174.0,5.0,4.0,86768818.0,5.0,11937282.0,poseidon,condorpool,worker2-container-12-15,frequency,/var/lib/condor/execute/dir_62500/pegasus.dJdfDdDPY/frequency,,150.6,0,0,0.0,1763745378.0,360410583.0,426775.0,28345.0,145.6,4.3,11758302.5,2402737.2
mutation_overlap_ID0000123,None,compute,0,1659799021.0,,,1659799026.0,1659799036.0,1659799040.0,21541488.0,1659799027.0,1659799061.0,1659799051.0,1659799056.0,137634.0,1659799061.0,1659799066.0,5.0,,1.0,34.0,5.0,4.0,86774532.0,5.0,612853.0,poseidon,condorpool,worker2-container-16-19,mutation_overlap,/var/lib/condor/execute/dir_67185/pegasus.U8sQAcGfZ/mutation_overlap,,5.6,0,0,,,,,,,,,
mutation_overlap_ID0000129,None,compute,0,1659799021.0,,,1659799026.0,1659799036.0,1659799040.0,21159831.0,1659799027.0,1659799086.0,1659799076.0,1659799081.0,370125.0,1659799086.0,1659799091.0,5.0,,1.0,59.0,5.0,4.0,86798284.0,5.0,1718977.0,poseidon,condorpool,worker2-container-20-23,mutation_overlap,/var/lib/condor/execute/dir_70957/pegasus.QgyLaw0xr/mutation_overlap,,30.8,0,0,0.1,454991573.0,354994053.0,30732.0,23579.0,29.1,0.7,15166385.8,11833135.1
mutation_overlap_ID0000127,None,compute,0,1659799021.0,,,1659799026.0,1659799036.0,1659799040.0,21662536.0,1659799027.0,1659799061.0,1659799052.0,1659799057.0,152122.0,1659799061.0,1659799066.0,5.0,,1.0,34.0,5.0,4.0,86775180.0,5.0,689713.0,poseidon,condorpool,worker2-container-36-39,mutation_overlap,/var/lib/condor/execute/dir_51491/pegasus.yLRTn5aEl/mutation_overlap,,6.5,0,0,,,,,,,,,
frequency_ID0000122,None,compute,0,1659799021.0,,,1659799026.0,1659799034.0,1659799038.0,21931771.0,1659799027.0,1659799216.0,1659799210.0,1659799215.0,2317899.0,1659799216.0,1659799221.0,5.0,,1.0,189.0,5.0,4.0,86772010.0,5.0,11210379.0,poseidon,condorpool,worker2-container-0-3,frequency,/var/lib/condor/execute/dir_74304/pegasus.g0dWqbm4e/frequency,,166.8,0,0,0.0,1653721853.0,354357375.0,390363.0,28021.0,155.4,4.5,10335761.6,2214733.6
frequency_ID0000132,None,compute,0,1659799021.0,,,1659799026.0,1659799034.0,1659799038.0,19490451.0,1659799027.0,1659799211.0,1659799201.0,1659799206.0,2718524.0,1659799211.0,1659799216.0,5.0,,1.0,184.0,5.0,4.0,86769170.0,5.0,13254958.0,poseidon,condorpool,worker2-container-24-27,frequency,/var/lib/condor/execute/dir_49028/pegasus.zb9bXw578/frequency,,156.5,0,0,0.1,1962303691.0,357181310.0,471516.0,28022.0,145.6,4.2,13082024.6,2381208.7
frequency_ID0000130,None,compute,0,1659799021.0,,,1659799026.0,1659799035.0,1659799039.0,20890357.0,1659799027.0,1659799211.0,1659799203.0,1659799208.0,2147614.0,1659799211.0,1659799216.0,5.0,,1.0,184.0,5.0,4.0,86791922.0,5.0,10793191.0,poseidon,condorpool,worker2-container-24-27,frequency,/var/lib/condor/execute/dir_49026/pegasus.oapw4HSV6/frequency,,157.9,0,0,0.1,1721944324.0,353725322.0,382102.0,27993.0,145.4,4.4,11479628.8,2358168.8
frequency_ID0000126,None,compute,0,1659799021.0,,,1659799026.0,1659799033.0,1659799037.0,21555365.0,1659799027.0,1659799201.0,1659799194.0,1659799199.0,2435403.0,1659799201.0,1659799206.0,5.0,,1.0,174.0,5.0,4.0,86769234.0,5.0,11841499.0,poseidon,condorpool,worker2-container-20-23,frequency,/var/lib/condor/execute/dir_70956/pegasus.e4od59kYk/frequency,,150.3,0,0,0.0,1739032684.0,363589745.0,421582.0,28505.0,145.9,4.0,11593551.2,2423931.6
mutation_overlap_ID0000131,None,compute,0,1659799021.0,,,1659799026.0,1659799034.0,1659799038.0,20925167.0,1659799027.0,1659799056.0,1659799050.0,1659799054.0,146694.0,1659799056.0,1659799061.0,5.0,,1.0,29.0,5.0,4.0,86775532.0,4.0,660854.0,poseidon,condorpool,worker2-container-24-27,mutation_overlap,/var/lib/condor/execute/dir_49025/pegasus.9d3ZRPCFm/mutation_overlap,,6.5,0,0,,,,,,,,,
mutation_overlap_ID0000121,None,compute,0,1659799021.0,,,1659799026.0,1659799035.0,1659799039.0,21753612.0,1659799027.0,1659799061.0,1659799053.0,1659799057.0,164723.0,1659799061.0,1659799066.0,5.0,,1.0,34.0,5.0,4.0,86778372.0,4.0,746116.0,poseidon,condorpool,worker2-container-28-31,mutation_overlap,/var/lib/condor/execute/dir_50309/pegasus.fCH5ykwvQ/mutation_overlap,,7.9,0,0,,,,,,,,,
frequency_ID0000124,None,compute,0,1659799021.0,,,1659799026.0,1659799033.0,1659799037.0,21784277.0,1659799027.0,1659799201.0,1659799194.0,1659799198.0,2196949.0,1659799201.0,1659799206.0,5.0,,1.0,174.0,5.0,4.0,86768170.0,4.0,10743729.0,poseidon,condorpool,worker2-container-8-11,frequency,/var/lib/condor/execute/dir_65136/pegasus.lCKBBFWG0/frequency,,150.4,0,0,0.0,1519455290.0,360584133.0,369823.0,28424.0,145.9,4.1,10129701.9,2403894.2
mutation_overlap_ID0000119,None,compute,0,1659799021.0,,,1659799026.0,1659799035.0,1659799039.0,21709751.0,1659799027.0,1659799056.0,1659799049.0,1659799054.0,120207.0,1659799056.0,1659799061.0,5.0,,1.0,29.0,5.0,4.0,86771140.0,5.0,557184.0,poseidon,condorpool,worker2-container-12-15,mutation_overlap,/var/lib/condor/execute/dir_62499/pegasus.RVvzWuKi8/mutation_overlap,,4.4,0,0,,,,,,,,,
frequency_ID0000120,None,compute,0,1659799021.0,,,1659799026.0,1659799036.0,1659799040.0,21924775.0,1659799027.0,1659799201.0,1659799194.0,1659799199.0,2384069.0,1659799201.0,1659799206.0,5.0,,1.0,174.0,5.0,4.0,86764778.0,5.0,11790387.0,poseidon,condorpool,worker2-container-4-7,frequency,/var/lib/condor/execute/dir_62292/pegasus.LpyIfRqX9/frequency,,148.3,0,0,0.1,1593669192.0,354725835.0,386981.0,27956.0,136.0,3.8,11383351.4,2533756.0
stage_out_local_condorpool_2_1,None,transfer,0,1659799221.0,,,1659799226.0,,,0.0,1659799226.0,1659799231.0,,,0.0,1659799231.0,1659799236.0,5.0,,0.0,5.0,5.0,,,,,poseidon,local,host-10-100-100-233.openstacklocal,pegasus::transfer,/home/poseidon/pegasus-5.1.0panorama/bin/pegasus-transfer,/home/poseidon/pegasus-5.1.0panorama/bin/../bin/pegasus-kickstart  -n pegasus::transfer -N null -i - -R local  -L 1000-genome -T 2022-08-03T06:30:23+00:00 /home/poseidon/pegasus-5.1.0panorama/bin/../bin/pegasus-transfer  --threads 2,1.8,0,0,,,,,,,,,
stage_out_local_condorpool_2_2,None,transfer,0,1659799236.0,,,1659799241.0,,,0.0,1659799242.0,1659799247.0,,,0.0,1659799247.0,1659799252.0,5.0,,1.0,5.0,5.0,,,,,poseidon,local,host-10-100-100-233.openstacklocal,pegasus::transfer,/home/poseidon/pegasus-5.1.0panorama/bin/pegasus-transfer,/home/poseidon/pegasus-5.1.0panorama/bin/../bin/pegasus-kickstart  -n pegasus::transfer -N null -i - -R local  -L 1000-genome -T 2022-08-03T06:30:23+00:00 /home/poseidon/pegasus-5.1.0panorama/bin/../bin/pegasus-transfer  --threads 2,1.9,0,0,,,,,,,,,
stage_out_local_condorpool_2_0,None,transfer,0,1659799252.0,,,1659799257.0,,,0.0,1659799257.0,1659799262.0,,,0.0,1659799262.0,1659799267.0,5.0,,0.0,5.0,5.0,,,,,poseidon,local,host-10-100-100-233.openstacklocal,pegasus::transfer,/home/poseidon/pegasus-5.1.0panorama/bin/pegasus-transfer,/home/poseidon/pegasus-5.1.0panorama/bin/../bin/pegasus-kickstart  -n pegasus::transfer -N null -i - -R local  -L 1000-genome -T 2022-08-03T06:30:23+00:00 /home/poseidon/pegasus-5.1.0panorama/bin/../bin/pegasus-transfer  --threads 2,2.1,0,0,,,,,,,,,
cleanup_1000-genome_0_condorpool,None,auxiliary,0,1659799267.0,,,1659799272.0,,,0.0,1659799272.0,1659799277.0,,,0.0,1659799277.0,1659799282.0,5.0,,0.0,5.0,5.0,,,,,poseidon,local,host-10-100-100-233.openstacklocal,pegasus::cleanup,/home/poseidon/pegasus-5.1.0panorama/bin/pegasus-transfer,-n pegasus::cleanup -N null -i - -R local  -L 1000-genome -T 2022-08-03T06:30:23+00:00 /home/poseidon/pegasus-5.1.0panorama/bin/../bin/pegasus-transfer,0.2,0,0,,,,,,,,,
