,anomaly_type,type,is_clustered,ready,pre_script_start,pre_script_end,submit,stage_in_start,stage_in_end,stage_in_effective_bytes_per_sec,execute_start,execute_end,stage_out_start,stage_out_end,stage_out_effective_bytes_per_sec,post_script_start,post_script_end,wms_delay,pre_script_delay,queue_delay,runtime,post_script_delay,stage_in_delay,stage_in_bytes,stage_out_delay,stage_out_bytes,kickstart_user,kickstart_site,kickstart_hostname,kickstart_transformations,kickstart_executables,kickstart_executables_argv,kickstart_executables_cpu_time,kickstart_status,kickstart_executables_exitcode,kickstart_online_iowait,kickstart_online_bytes_read,kickstart_online_bytes_written,kickstart_online_read_system_calls,kickstart_online_write_system_calls,kickstart_online_utime,kickstart_online_stime,kickstart_online_bytes_read_per_second,kickstart_online_bytes_written_per_second
create_dir_casa-wind-full_0_condorpool,None,auxiliary,0,1694328881.0,,,1694328882.0,,,0.0,1694328887.0,1694328892.0,,,0.0,1694328892.0,1694328897.0,1.0,,5.0,5.0,5.0,,,,,poseidon,local,poseidon-submit,pegasus::dirmanager,/mnt/poseidon-data/poseidon/pegasus-5.1.0panorama/bin/pegasus-transfer,pegasus-kickstart  -n pegasus::dirmanager -N null -i - -R local  -L casa-wind-full -T 2023-09-08T07:29:05+00:00 pegasus-transfer,0.2,0,0,,,,,,,,,
unzip_ID0000106,None,compute,0,1694328897.0,,,1694328902.0,1694328923.0,1694328931.0,29936545.0,1694328921.0,1694328962.0,1694328943.0,1694328955.0,44157403.0,1694328962.0,1694328967.0,5.0,,19.0,41.0,5.0,8.0,241199298.0,12.0,501821816.0,poseidon,condorpool,poseidon-worker-2-container-20-23,unzip,/usr/bin/gunzip,,4.1,0,0,,,,,,,,,
unzip_ID0000046,None,compute,0,1694328897.0,,,1694328902.0,1694328923.0,1694328930.0,33953657.0,1694328922.0,1694328957.0,1694328942.0,1694328951.0,58105147.0,1694328957.0,1694328962.0,5.0,,20.0,35.0,5.0,7.0,229692821.0,9.0,523855228.0,poseidon,condorpool,poseidon-worker-1-container-0-3,unzip,/usr/bin/gunzip,,3.9,0,0,,,,,,,,,
unzip_ID0000101,None,compute,0,1694328897.0,,,1694328902.0,1694328923.0,1694328931.0,30322102.0,1694328921.0,1694328967.0,1694328944.0,1694328957.0,42510637.0,1694328967.0,1694328972.0,5.0,,19.0,46.0,5.0,8.0,250988249.0,13.0,561551644.0,poseidon,condorpool,poseidon-worker-2-container-4-7,unzip,/usr/bin/gunzip,,4.4,0,0,,,,,,,,,
unzip_ID0000026,None,compute,0,1694328897.0,,,1694328902.0,1694328924.0,1694328931.0,29204760.0,1694328922.0,1694328967.0,1694328944.0,1694328957.0,40403962.0,1694328967.0,1694328972.0,5.0,,20.0,45.0,5.0,7.0,227963832.0,13.0,523917888.0,poseidon,condorpool,poseidon-worker-1-container-16-19,unzip,/usr/bin/gunzip,,4.0,0,0,,,,,,,,,
unzip_ID0000126,None,compute,0,1694328897.0,,,1694328902.0,1694328923.0,1694328930.0,34269157.0,1694328921.0,1694328962.0,1694328943.0,1694328952.0,54690333.0,1694328962.0,1694328967.0,5.0,,19.0,41.0,5.0,7.0,249343892.0,9.0,520618424.0,poseidon,condorpool,poseidon-worker-2-container-8-11,unzip,/usr/bin/gunzip,,4.1,0,0,,,,,,,,,
unzip_ID0000031,None,compute,0,1694328897.0,,,1694328902.0,1694328923.0,1694328932.0,26691833.0,1694328922.0,1694328977.0,1694328945.0,1694328968.0,23525744.0,1694328977.0,1694328982.0,5.0,,20.0,55.0,5.0,9.0,237517035.0,23.0,539438752.0,poseidon,condorpool,poseidon-worker-2-container-16-19,unzip,/usr/bin/gunzip,,4.1,0,0,,,,,,,,,
unzip_ID0000076,None,compute,0,1694328897.0,,,1694328902.0,1694328923.0,1694328932.0,26393055.0,1694328921.0,1694328972.0,1694328945.0,1694328966.0,25904144.0,1694328972.0,1694328977.0,5.0,,19.0,51.0,5.0,9.0,233747923.0,21.0,523942844.0,poseidon,condorpool,poseidon-worker-2-container-12-15,unzip,/usr/bin/gunzip,,4.1,0,0,,,,,,,,,
unzip_ID0000011,None,compute,0,1694328897.0,,,1694328902.0,1694328923.0,1694328930.0,33629774.0,1694328922.0,1694328962.0,1694328943.0,1694328955.0,49489210.0,1694328962.0,1694328967.0,5.0,,20.0,40.0,5.0,7.0,235998389.0,12.0,565205920.0,poseidon,condorpool,poseidon-worker-1-container-4-7,unzip,/usr/bin/gunzip,,4.2,0,0,,,,,,,,,
unzip_ID0000056,None,compute,0,1694328897.0,,,1694328902.0,1694328924.0,1694328932.0,27211999.0,1694328922.0,1694328972.0,1694328945.0,1694328965.0,26647816.0,1694328972.0,1694328977.0,5.0,,20.0,50.0,5.0,8.0,232139969.0,20.0,528026776.0,poseidon,condorpool,poseidon-worker-2-container-32-35,unzip,/usr/bin/gunzip,,4.1,0,0,,,,,,,,,
unzip_ID0000111,None,compute,0,1694328897.0,,,1694328902.0,1694328924.0,1694328933.0,26305736.0,1694328922.0,1694328977.0,1694328947.0,1694328967.0,28173550.0,1694328977.0,1694328982.0,5.0,,20.0,55.0,5.0,9.0,256320311.0,20.0,567950764.0,poseidon,condorpool,poseidon-worker-1-container-24-27,unzip,/usr/bin/gunzip,,4.4,0,0,,,,,,,,,
unzip_ID0000071,None,compute,0,1694328897.0,,,1694328902.0,1694328923.0,1694328932.0,26948290.0,1694328922.0,1694328967.0,1694328945.0,1694328959.0,38836196.0,1694328967.0,1694328972.0,5.0,,20.0,45.0,5.0,9.0,240896692.0,14.0,539506600.0,poseidon,condorpool,poseidon-worker-1-container-8-11,unzip,/usr/bin/gunzip,,4.2,0,0,,,,,,,,,
unzip_ID0000051,None,compute,0,1694328897.0,,,1694328902.0,1694328924.0,1694328931.0,34448404.0,1694328922.0,1694328962.0,1694328943.0,1694328955.0,48515871.0,1694328962.0,1694328967.0,5.0,,20.0,40.0,5.0,7.0,239630266.0,12.0,544301296.0,poseidon,condorpool,poseidon-worker-2-container-36-39,unzip,/usr/bin/gunzip,,4.1,0,0,,,,,,,,,
unzip_ID0000006,None,compute,0,1694328897.0,,,1694328902.0,1694328924.0,1694328933.0,24005957.0,1694328922.0,1694328977.0,1694328946.0,1694328969.0,22074311.0,1694328977.0,1694328982.0,5.0,,20.0,55.0,5.0,9.0,222753803.0,23.0,501616588.0,poseidon,condorpool,poseidon-worker-1-container-40-43,unzip,/usr/bin/gunzip,,3.9,0,0,,,,,,,,,
unzip_ID0000091,None,compute,0,1694328897.0,,,1694328902.0,1694328923.0,1694328933.0,24222276.0,1694328921.0,1694328972.0,1694328946.0,1694328965.0,28395162.0,1694328972.0,1694328977.0,5.0,,19.0,51.0,5.0,10.0,246447087.0,19.0,539109992.0,poseidon,condorpool,poseidon-worker-1-container-20-23,unzip,/usr/bin/gunzip,,4.2,0,0,,,,,,,,,
unzip_ID0000081,None,compute,0,1694328897.0,,,1694328902.0,1694328924.0,1694328933.0,27796290.0,1694328922.0,1694328977.0,1694328945.0,1694328969.0,23289602.0,1694328977.0,1694328982.0,5.0,,20.0,55.0,5.0,9.0,245619741.0,24.0,543190672.0,poseidon,condorpool,poseidon-worker-2-container-20-23,unzip,/usr/bin/gunzip,,4.3,0,0,,,,,,,,,
unzip_ID0000041,None,compute,0,1694328897.0,,,1694328902.0,1694328924.0,1694328933.0,26039246.0,1694328922.0,1694328967.0,1694328946.0,1694328961.0,36421606.0,1694328967.0,1694328972.0,5.0,,20.0,45.0,5.0,9.0,238944758.0,15.0,540768928.0,poseidon,condorpool,poseidon-worker-2-container-0-3,unzip,/usr/bin/gunzip,,4.2,0,0,,,,,,,,,
unzip_ID0000061,None,compute,0,1694328897.0,,,1694328902.0,1694328923.0,1694328932.0,27699685.0,1694328922.0,1694328972.0,1694328945.0,1694328964.0,28891244.0,1694328972.0,1694328977.0,5.0,,20.0,50.0,5.0,9.0,240463185.0,19.0,541945820.0,poseidon,condorpool,poseidon-worker-2-container-40-43,unzip,/usr/bin/gunzip,,4.2,0,0,,,,,,,,,
unzip_ID0000121,None,compute,0,1694328897.0,,,1694328902.0,1694328923.0,1694328931.0,31981604.0,1694328922.0,1694328967.0,1694328944.0,1694328957.0,41714354.0,1694328967.0,1694328972.0,5.0,,20.0,45.0,5.0,8.0,250860096.0,13.0,550782944.0,poseidon,condorpool,poseidon-worker-1-container-12-15,unzip,/usr/bin/gunzip,,4.3,0,0,,,,,,,,,
unzip_ID0000066,None,compute,0,1694328897.0,,,1694328902.0,1694328923.0,1694328932.0,27310981.0,1694328922.0,1694328967.0,1694328945.0,1694328957.0,42779991.0,1694328967.0,1694328972.0,5.0,,20.0,45.0,5.0,9.0,232031705.0,12.0,523661496.0,poseidon,condorpool,poseidon-worker-1-container-32-35,unzip,/usr/bin/gunzip,,4.1,0,0,,,,,,,,,
unzip_ID0000001,None,compute,0,1694328897.0,,,1694328902.0,1694328924.0,1694328933.0,25654177.0,1694328922.0,1694328977.0,1694328946.0,1694328969.0,24082127.0,1694328977.0,1694328982.0,5.0,,20.0,55.0,5.0,9.0,232473216.0,23.0,561354992.0,poseidon,condorpool,poseidon-worker-1-container-40-43,unzip,/usr/bin/gunzip,,4.2,0,0,,,,,,,,,
unzip_ID0000086,None,compute,0,1694328897.0,,,1694328902.0,1694328924.0,1694328932.0,29923600.0,1694328923.0,1694328967.0,1694328945.0,1694328959.0,35956841.0,1694328967.0,1694328972.0,5.0,,21.0,44.0,5.0,8.0,234836668.0,14.0,518838800.0,poseidon,condorpool,poseidon-worker-1-container-44-47,unzip,/usr/bin/gunzip,,4.1,0,0,,,,,,,,,
unzip_ID0000016,None,compute,0,1694328897.0,,,1694328902.0,1694328924.0,1694328933.0,22569351.0,1694328922.0,1694328982.0,1694328947.0,1694328973.0,19996493.0,1694328982.0,1694328987.0,5.0,,20.0,60.0,5.0,9.0,225238888.0,26.0,523826084.0,poseidon,condorpool,poseidon-worker-2-container-24-27,unzip,/usr/bin/gunzip,,4.0,0,0,,,,,,,,,
unzip_ID0000036,None,compute,0,1694328897.0,,,1694328902.0,1694328924.0,1694328932.0,29167871.0,1694328922.0,1694328962.0,1694328945.0,1694328955.0,49420081.0,1694328962.0,1694328967.0,5.0,,20.0,40.0,5.0,8.0,232020704.0,10.0,526952240.0,poseidon,condorpool,poseidon-worker-1-container-28-31,unzip,/usr/bin/gunzip,,4.1,0,0,,,,,,,,,
unzip_ID0000116,None,compute,0,1694328897.0,,,1694328902.0,1694328923.0,1694328930.0,35785641.0,1694328922.0,1694328962.0,1694328943.0,1694328953.0,50950415.0,1694328962.0,1694328967.0,5.0,,20.0,40.0,5.0,7.0,249255741.0,10.0,520850676.0,poseidon,condorpool,poseidon-worker-2-container-28-31,unzip,/usr/bin/gunzip,,4.2,0,0,,,,,,,,,
unzip_ID0000021,None,compute,0,1694328897.0,,,1694328902.0,1694328923.0,1694328932.0,26375165.0,1694328922.0,1694328977.0,1694328945.0,1694328970.0,21650249.0,1694328977.0,1694328982.0,5.0,,20.0,55.0,5.0,9.0,235136662.0,25.0,539178100.0,poseidon,condorpool,poseidon-worker-2-container-44-47,unzip,/usr/bin/gunzip,,4.1,0,0,,,,,,,,,
unzip_ID0000096,None,compute,0,1694328897.0,,,1694328902.0,1694328923.0,1694328931.0,31867087.0,1694328922.0,1694328962.0,1694328944.0,1694328957.0,40787023.0,1694328962.0,1694328967.0,5.0,,20.0,40.0,5.0,8.0,240753402.0,13.0,524013876.0,poseidon,condorpool,poseidon-worker-1-container-36-39,unzip,/usr/bin/gunzip,,4.1,0,0,,,,,,,,,
um_vel_ID0000047,None,compute,0,1694328962.0,,,1694328967.0,1694328969.0,1694328989.0,49411520.1,1694328968.0,1694329012.0,1694328998.0,1694329001.0,172797.0,1694329012.0,1694329017.0,5.0,,1.0,44.0,5.0,20.0,700441980.0,3.0,556900.0,poseidon,condorpool,poseidon-worker-1-container-0-3,um_vel,/opt/UM_VEL/UM_VEL,,1.7,0,0,,,,,,,,,
um_vel_ID0000037,None,compute,0,1694328967.0,,,1694328972.0,1694328975.0,1694328996.0,46126164.8,1694328973.0,1694329017.0,1694329004.0,1694329008.0,171363.0,1694329017.0,1694329022.0,5.0,,1.0,44.0,5.0,21.0,703538992.0,4.0,556900.0,poseidon,condorpool,poseidon-worker-1-container-32-35,um_vel,/opt/UM_VEL/UM_VEL,,1.7,0,0,,,,,,,,,
um_vel_ID0000052,None,compute,0,1694328967.0,,,1694328972.0,1694328975.0,1694328996.0,47740278.3,1694328973.0,1694329017.0,1694329004.0,1694329007.0,176263.0,1694329017.0,1694329022.0,5.0,,1.0,44.0,5.0,21.0,720888048.0,3.0,556900.0,poseidon,condorpool,poseidon-worker-1-container-44-47,um_vel,/opt/UM_VEL/UM_VEL,,1.7,0,0,,,,,,,,,
um_vel_ID0000097,None,compute,0,1694328967.0,,,1694328972.0,1694328975.0,1694328994.0,50437235.9,1694328973.0,1694329017.0,1694329003.0,1694329006.0,174868.0,1694329017.0,1694329022.0,5.0,,1.0,44.0,5.0,19.0,700600628.0,3.0,556900.0,poseidon,condorpool,poseidon-worker-2-container-20-23,um_vel,/opt/UM_VEL/UM_VEL,,1.8,0,0,,,,,,,,,
um_vel_ID0000117,None,compute,0,1694328967.0,,,1694328972.0,1694328975.0,1694328995.0,49416246.5,1694328973.0,1694329017.0,1694329003.0,1694329006.0,175702.0,1694329017.0,1694329022.0,5.0,,1.0,44.0,5.0,20.0,697437428.0,3.0,556900.0,poseidon,condorpool,poseidon-worker-1-container-16-19,um_vel,/opt/UM_VEL/UM_VEL,,1.8,0,0,,,,,,,,,
um_vel_ID0000127,None,compute,0,1694328967.0,,,1694328972.0,1694328975.0,1694328996.0,46764371.9,1694328973.0,1694329017.0,1694329004.0,1694329007.0,172812.0,1694329017.0,1694329022.0,5.0,,1.0,44.0,5.0,21.0,697205176.0,3.0,556900.0,poseidon,condorpool,poseidon-worker-2-container-8-11,um_vel,/opt/UM_VEL/UM_VEL,,1.7,0,0,,,,,,,,,
um_vel_ID0000012,None,compute,0,1694328967.0,,,1694328972.0,1694328975.0,1694328996.0,46890942.7,1694328973.0,1694329017.0,1694329005.0,1694329008.0,175498.0,1694329017.0,1694329022.0,5.0,,1.0,44.0,5.0,21.0,741792672.0,3.0,556900.0,poseidon,condorpool,poseidon-worker-2-container-28-31,um_vel,/opt/UM_VEL/UM_VEL,,1.8,0,0,,,,,,,,,
um_vel_ID0000107,None,compute,0,1694328967.0,,,1694328972.0,1694328975.0,1694328994.0,50889562.2,1694328973.0,1694329012.0,1694329002.0,1694329006.0,175112.0,1694329012.0,1694329017.0,5.0,,1.0,39.0,5.0,19.0,678408568.0,4.0,556900.0,poseidon,condorpool,poseidon-worker-2-container-4-7,um_vel,/opt/UM_VEL/UM_VEL,,1.7,0,0,,,,,,,,,
um_vel_ID0000122,None,compute,0,1694328972.0,,,1694328977.0,1694328981.0,1694329002.0,47345363.0,1694328979.0,1694329022.0,1694329011.0,1694329014.0,177762.0,1694329022.0,1694329027.0,5.0,,2.0,43.0,5.0,21.0,727369696.0,3.0,556900.0,poseidon,condorpool,poseidon-worker-1-container-8-11,um_vel,/opt/UM_VEL/UM_VEL,,1.7,0,0,,,,,,,,,
um_vel_ID0000087,None,compute,0,1694328972.0,,,1694328977.0,1694328980.0,1694329001.0,45747971.2,1694328979.0,1694329022.0,1694329010.0,1694329013.0,175452.0,1694329022.0,1694329027.0,5.0,,2.0,43.0,5.0,21.0,695425552.0,3.0,556900.0,poseidon,condorpool,poseidon-worker-2-container-0-3,um_vel,/opt/UM_VEL/UM_VEL,,1.7,0,0,,,,,,,,,
um_vel_ID0000027,None,compute,0,1694328972.0,,,1694328977.0,1694328980.0,1694329000.0,50498122.4,1694328979.0,1694329022.0,1694329008.0,1694329011.0,176933.0,1694329022.0,1694329027.0,5.0,,2.0,43.0,5.0,20.0,700504640.0,3.0,556900.0,poseidon,condorpool,poseidon-worker-2-container-32-35,um_vel,/opt/UM_VEL/UM_VEL,,1.7,0,0,,,,,,,,,
um_vel_ID0000102,None,compute,0,1694328972.0,,,1694328977.0,1694328981.0,1694329002.0,46743868.2,1694328979.0,1694329022.0,1694329011.0,1694329014.0,178955.0,1694329022.0,1694329027.0,5.0,,2.0,43.0,5.0,21.0,738138396.0,3.0,556900.0,poseidon,condorpool,poseidon-worker-1-container-40-43,um_vel,/opt/UM_VEL/UM_VEL,,1.8,0,0,,,,,,,,,
um_vel_ID0000072,None,compute,0,1694328972.0,,,1694328977.0,1694328980.0,1694329002.0,46160741.6,1694328979.0,1694329022.0,1694329010.0,1694329013.0,176854.0,1694329022.0,1694329027.0,5.0,,2.0,43.0,5.0,22.0,716093352.0,3.0,556900.0,poseidon,condorpool,poseidon-worker-2-container-40-43,um_vel,/opt/UM_VEL/UM_VEL,,1.7,0,0,,,,,,,,,
um_vel_ID0000067,None,compute,0,1694328972.0,,,1694328977.0,1694328980.0,1694329000.0,49491371.3,1694328979.0,1694329022.0,1694329009.0,1694329012.0,177166.0,1694329022.0,1694329027.0,5.0,,2.0,43.0,5.0,20.0,700248248.0,3.0,556900.0,poseidon,condorpool,poseidon-worker-2-container-20-23,um_vel,/opt/UM_VEL/UM_VEL,,1.7,0,0,,,,,,,,,
um_vel_ID0000042,None,compute,0,1694328972.0,,,1694328977.0,1694328980.0,1694329000.0,52369436.0,1694328979.0,1694329022.0,1694329009.0,1694329012.0,175536.0,1694329022.0,1694329027.0,5.0,,2.0,43.0,5.0,20.0,717355680.0,3.0,556900.0,poseidon,condorpool,poseidon-worker-1-container-12-15,um_vel,/opt/UM_VEL/UM_VEL,,1.7,0,0,,,,,,,,,
um_vel_ID0000057,None,compute,0,1694328977.0,,,1694328982.0,1694328985.0,1694329003.0,57867632.3,1694328983.0,1694329022.0,1694329011.0,1694329014.0,177660.0,1694329022.0,1694329027.0,5.0,,1.0,39.0,5.0,18.0,704613528.0,3.0,556900.0,poseidon,condorpool,poseidon-worker-1-container-4-7,um_vel,/opt/UM_VEL/UM_VEL,,1.7,0,0,,,,,,,,,
um_vel_ID0000062,None,compute,0,1694328977.0,,,1694328982.0,1694328985.0,1694329006.0,47331110.4,1694328983.0,1694329027.0,1694329014.0,1694329017.0,178302.0,1694329027.0,1694329033.0,5.0,,1.0,44.0,6.0,21.0,718532572.0,3.0,556900.0,poseidon,condorpool,poseidon-worker-1-container-40-43,um_vel,/opt/UM_VEL/UM_VEL,,1.7,0,0,,,,,,,,,
um_vel_ID0000092,None,compute,0,1694328977.0,,,1694328982.0,1694328985.0,1694329007.0,42078771.5,1694328983.0,1694329027.0,1694329016.0,1694329019.0,178986.0,1694329027.0,1694329033.0,5.0,,1.0,44.0,6.0,22.0,715696744.0,3.0,556900.0,poseidon,condorpool,poseidon-worker-2-container-36-39,um_vel,/opt/UM_VEL/UM_VEL,,1.8,0,0,,,,,,,,,
um_vel_ID0000077,None,compute,0,1694328977.0,,,1694328982.0,1694328985.0,1694329003.0,56525872.7,1694328983.0,1694329022.0,1694329011.0,1694329014.0,175818.0,1694329022.0,1694329027.0,5.0,,1.0,39.0,5.0,18.0,700529596.0,3.0,556900.0,poseidon,condorpool,poseidon-worker-1-container-28-31,um_vel,/opt/UM_VEL/UM_VEL,,1.7,0,0,,,,,,,,,
um_vel_ID0000022,None,compute,0,1694328982.0,,,1694328987.0,1694328990.0,1694329012.0,44912690.4,1694328988.0,1694329033.0,1694329020.0,1694329023.0,176981.0,1694329033.0,1694329038.0,5.0,,1.0,45.0,5.0,22.0,715764852.0,3.0,556900.0,poseidon,condorpool,poseidon-worker-1-container-20-23,um_vel,/opt/UM_VEL/UM_VEL,,1.7,0,0,,,,,,,,,
um_vel_ID0000112,None,compute,0,1694328982.0,,,1694328987.0,1694328990.0,1694329010.0,52089128.2,1694328989.0,1694329033.0,1694329019.0,1694329022.0,175540.0,1694329033.0,1694329038.0,5.0,,2.0,44.0,5.0,20.0,744537516.0,3.0,556900.0,poseidon,condorpool,poseidon-worker-1-container-24-27,um_vel,/opt/UM_VEL/UM_VEL,,1.7,0,0,,,,,,,,,
um_vel_ID0000007,None,compute,0,1694328982.0,,,1694328987.0,1694328990.0,1694329009.0,51317594.0,1694328988.0,1694329027.0,1694329018.0,1694329021.0,179571.0,1694329027.0,1694329033.0,5.0,,1.0,39.0,6.0,19.0,678203340.0,3.0,556900.0,poseidon,condorpool,poseidon-worker-2-container-24-27,um_vel,/opt/UM_VEL/UM_VEL,,1.6,0,0,,,,,,,,,
um_vel_ID0000002,None,compute,0,1694328982.0,,,1694328987.0,1694328990.0,1694329011.0,50935162.6,1694328989.0,1694329033.0,1694329019.0,1694329022.0,175735.0,1694329033.0,1694329038.0,5.0,,2.0,44.0,5.0,21.0,737941744.0,3.0,556900.0,poseidon,condorpool,poseidon-worker-2-container-12-15,um_vel,/opt/UM_VEL/UM_VEL,,1.8,0,0,,,,,,,,,
um_vel_ID0000082,None,compute,0,1694328982.0,,,1694328987.0,1694328990.0,1694329012.0,45271540.6,1694328988.0,1694329033.0,1694329020.0,1694329023.0,178221.0,1694329033.0,1694329038.0,5.0,,1.0,45.0,5.0,22.0,719777424.0,3.0,556900.0,poseidon,condorpool,poseidon-worker-2-container-16-19,um_vel,/opt/UM_VEL/UM_VEL,,1.6,0,0,,,,,,,,,
um_vel_ID0000032,None,compute,0,1694328982.0,,,1694328987.0,1694328991.0,1694329010.0,52421710.1,1694328989.0,1694329032.0,1694329019.0,1694329022.0,177179.0,1694329032.0,1694329038.0,5.0,,2.0,43.0,6.0,19.0,716025504.0,3.0,556900.0,poseidon,condorpool,poseidon-worker-2-container-44-47,um_vel,/opt/UM_VEL/UM_VEL,,1.7,0,0,,,,,,,,,
stage_out_local_condorpool_0_2,None,transfer,0,1694328987.0,,,1694328992.0,,,0.0,1694328996.0,1694329032.0,,,0.0,1694329033.0,1694329038.0,5.0,,4.0,36.0,5.0,,,,,poseidon,local,poseidon-submit,pegasus::transfer,/mnt/poseidon-data/poseidon/pegasus-5.1.0panorama/bin/pegasus-transfer,/home/poseidon/pegasus-5.1.0panorama/bin/../bin/pegasus-kickstart  -n pegasus::transfer -N null -i - -R local  -L casa-wind-full -T 2023-09-08T07:29:05+00:00 /home/poseidon/pegasus-5.1.0panorama/bin/../bin/pegasus-transfer  --threads 2,37.4,0,0,,,,,,,,,
um_vel_ID0000017,None,compute,0,1694328987.0,,,1694328992.0,1694329012.0,1694329031.0,53724357.5,1694329009.0,1694329048.0,1694329039.0,1694329042.0,175273.0,1694329048.0,1694329053.0,5.0,,17.0,39.0,5.0,19.0,700412836.0,3.0,556900.0,poseidon,condorpool,poseidon-worker-2-container-20-23,um_vel,/opt/UM_VEL/UM_VEL,,1.8,0,0,,,,,,,,,
stage_out_local_condorpool_0_0,None,transfer,0,1694328987.0,,,1694328992.0,,,0.0,1694328996.0,1694329027.0,,,0.0,1694329027.0,1694329033.0,5.0,,4.0,31.0,6.0,,,,,poseidon,local,poseidon-submit,pegasus::transfer,/mnt/poseidon-data/poseidon/pegasus-5.1.0panorama/bin/pegasus-transfer,/home/poseidon/pegasus-5.1.0panorama/bin/../bin/pegasus-kickstart  -n pegasus::transfer -N null -i - -R local  -L casa-wind-full -T 2023-09-08T07:29:05+00:00 /home/poseidon/pegasus-5.1.0panorama/bin/../bin/pegasus-transfer  --threads 2,37.9,0,0,,,,,,,,,
stage_out_local_condorpool_0_1,None,transfer,0,1694328987.0,,,1694328992.0,,,0.0,1694328996.0,1694329027.0,,,0.0,1694329027.0,1694329033.0,5.0,,4.0,31.0,6.0,,,,,poseidon,local,poseidon-submit,pegasus::transfer,/mnt/poseidon-data/poseidon/pegasus-5.1.0panorama/bin/pegasus-transfer,/home/poseidon/pegasus-5.1.0panorama/bin/../bin/pegasus-kickstart  -n pegasus::transfer -N null -i - -R local  -L casa-wind-full -T 2023-09-08T07:29:05+00:00 /home/poseidon/pegasus-5.1.0panorama/bin/../bin/pegasus-transfer  --threads 2,36.7,0,0,,,,,,,,,
mvt_ID0000109,None,compute,0,1694329017.0,,,1694329022.0,1694329025.0,1694329036.0,31218771.6,1694329023.0,1694329094.0,1694329082.0,1694329085.0,19506.0,1694329094.0,1694329100.0,5.0,,1.0,71.0,6.0,11.0,177143652.0,3.0,59954.0,poseidon,condorpool,poseidon-worker-1-container-32-35,mvt,/opt/mvt/mvt,,40.1,0,0,0.0,798425.0,32768.0,449.0,8.0,39.8,0.2,19960.6,1638.4
post_vel_ID0000108,None,compute,0,1694329017.0,,,1694329022.0,1694329025.0,1694329036.0,30254218.4,1694329023.0,1694329053.0,1694329042.0,1694329045.0,4558.0,1694329053.0,1694329058.0,5.0,,1.0,30.0,5.0,11.0,177143937.0,3.0,13907.0,poseidon,condorpool,poseidon-worker-2-container-8-11,post_vel,/opt/netcdf2png/merged_netcdf2png,,0.1,0,0,,,,,,,,,
post_vel_ID0000048,None,compute,0,1694329017.0,,,1694329022.0,1694329025.0,1694329036.0,34338755.8,1694329023.0,1694329053.0,1694329041.0,1694329045.0,3435.0,1694329053.0,1694329058.0,5.0,,1.0,30.0,5.0,11.0,177143937.0,4.0,10371.0,poseidon,condorpool,poseidon-worker-1-container-44-47,post_vel,/opt/netcdf2png/merged_netcdf2png,,0.1,0,0,,,,,,,,,
mvt_ID0000049,None,compute,0,1694329017.0,,,1694329022.0,1694329025.0,1694329036.0,29622300.6,1694329023.0,1694329094.0,1694329081.0,1694329084.0,7866.0,1694329094.0,1694329100.0,5.0,,1.0,71.0,6.0,11.0,177143652.0,3.0,24108.0,poseidon,condorpool,poseidon-worker-1-container-0-3,mvt,/opt/mvt/mvt,,39.2,0,0,0.0,789060.0,12288.0,422.0,3.0,29.9,0.1,26302.0,1228.8
post_vel_ID0000118,None,compute,0,1694329022.0,,,1694329027.0,1694329031.0,1694329042.0,34475889.4,1694329029.0,1694329058.0,1694329047.0,1694329050.0,4656.0,1694329058.0,1694329063.0,5.0,,2.0,29.0,5.0,11.0,177143937.0,3.0,14402.0,poseidon,condorpool,poseidon-worker-2-container-20-23,post_vel,/opt/netcdf2png/merged_netcdf2png,,0.1,0,0,,,,,,,,,
mvt_ID0000119,None,compute,0,1694329022.0,,,1694329027.0,1694329032.0,1694329043.0,29748415.5,1694329031.0,1694329100.0,1694329088.0,1694329091.0,21486.0,1694329100.0,1694329105.0,5.0,,4.0,69.0,5.0,11.0,177143652.0,3.0,65525.0,poseidon,condorpool,poseidon-worker-2-container-20-23,mvt,/opt/mvt/mvt,,39.9,0,0,0.0,827650.0,36864.0,506.0,9.0,29.9,0.1,27588.3,3686.4
post_vel_ID0000098,None,compute,0,1694329022.0,,,1694329027.0,1694329030.0,1694329041.0,35144264.0,1694329028.0,1694329058.0,1694329046.0,1694329049.0,4383.0,1694329058.0,1694329063.0,5.0,,1.0,30.0,5.0,11.0,177143937.0,3.0,13355.0,poseidon,condorpool,poseidon-worker-1-container-16-19,post_vel,/opt/netcdf2png/merged_netcdf2png,,0.1,0,0,,,,,,,,,
mvt_ID0000054,None,compute,0,1694329022.0,,,1694329027.0,1694329030.0,1694329041.0,35055713.4,1694329029.0,1694329100.0,1694329087.0,1694329090.0,9198.0,1694329100.0,1694329105.0,5.0,,2.0,71.0,5.0,11.0,177143652.0,3.0,28552.0,poseidon,condorpool,poseidon-worker-2-container-28-31,mvt,/opt/mvt/mvt,,40.4,0,0,0.0,792923.0,12288.0,437.0,3.0,39.9,0.1,19823.1,1228.8
mvt_ID0000014,None,compute,0,1694329022.0,,,1694329027.0,1694329030.0,1694329041.0,34787320.4,1694329028.0,1694329100.0,1694329086.0,1694329089.0,10396.0,1694329100.0,1694329105.0,5.0,,1.0,72.0,5.0,11.0,177143652.0,3.0,31991.0,poseidon,condorpool,poseidon-worker-1-container-8-11,mvt,/opt/mvt/mvt,,40.2,0,0,0.0,794263.0,16384.0,440.0,4.0,39.9,0.1,19856.6,819.2
post_vel_ID0000013,None,compute,0,1694329022.0,,,1694329027.0,1694329030.0,1694329041.0,34800834.2,1694329028.0,1694329058.0,1694329046.0,1694329049.0,3569.0,1694329058.0,1694329063.0,5.0,,1.0,30.0,5.0,11.0,177143937.0,3.0,11040.0,poseidon,condorpool,poseidon-worker-2-container-0-3,post_vel,/opt/netcdf2png/merged_netcdf2png,,0.1,0,0,,,,,,,,,
mvt_ID0000129,None,compute,0,1694329022.0,,,1694329027.0,1694329030.0,1694329041.0,34958449.0,1694329028.0,1694329094.0,1694329086.0,1694329089.0,21011.0,1694329094.0,1694329100.0,5.0,,1.0,66.0,6.0,11.0,177143652.0,3.0,64489.0,poseidon,condorpool,poseidon-worker-1-container-12-15,mvt,/opt/mvt/mvt,,39.5,0,0,0.0,791898.0,36864.0,428.0,9.0,29.9,0.1,26396.6,3686.4
post_vel_ID0000128,None,compute,0,1694329022.0,,,1694329027.0,1694329030.0,1694329042.0,28844034.7,1694329028.0,1694329058.0,1694329048.0,1694329051.0,4764.0,1694329058.0,1694329063.0,5.0,,1.0,30.0,5.0,12.0,177143937.0,3.0,14512.0,poseidon,condorpool,poseidon-worker-1-container-40-43,post_vel,/opt/netcdf2png/merged_netcdf2png,,0.1,0,0,,,,,,,,,
post_vel_ID0000038,None,compute,0,1694329022.0,,,1694329027.0,1694329030.0,1694329041.0,34899409.0,1694329028.0,1694329058.0,1694329046.0,1694329049.0,3679.0,1694329058.0,1694329063.0,5.0,,1.0,30.0,5.0,11.0,177143937.0,3.0,11227.0,poseidon,condorpool,poseidon-worker-1-container-4-7,post_vel,/opt/netcdf2png/merged_netcdf2png,,0.2,0,0,,,,,,,,,
post_vel_ID0000053,None,compute,0,1694329022.0,,,1694329027.0,1694329030.0,1694329041.0,33164937.6,1694329029.0,1694329058.0,1694329047.0,1694329050.0,3549.0,1694329058.0,1694329063.0,5.0,,2.0,29.0,5.0,11.0,177143937.0,3.0,11004.0,poseidon,condorpool,poseidon-worker-2-container-32-35,post_vel,/opt/netcdf2png/merged_netcdf2png,,0.1,0,0,,,,,,,,,
mvt_ID0000039,None,compute,0,1694329022.0,,,1694329027.0,1694329030.0,1694329041.0,34836126.0,1694329028.0,1694329100.0,1694329087.0,1694329090.0,11091.0,1694329100.0,1694329105.0,5.0,,1.0,72.0,5.0,11.0,177143652.0,3.0,34386.0,poseidon,condorpool,poseidon-worker-2-container-40-43,mvt,/opt/mvt/mvt,,40.6,0,0,0.0,794302.0,16384.0,440.0,4.0,39.8,0.2,19857.6,819.2
mvt_ID0000099,None,compute,0,1694329022.0,,,1694329027.0,1694329030.0,1694329043.0,27893577.0,1694329029.0,1694329100.0,1694329088.0,1694329091.0,16300.0,1694329100.0,1694329105.0,5.0,,2.0,71.0,5.0,13.0,177143652.0,3.0,50118.0,poseidon,condorpool,poseidon-worker-2-container-4-7,mvt,/opt/mvt/mvt,,40.5,0,0,0.0,792837.0,28672.0,437.0,7.0,39.9,0.1,19820.9,1433.6
post_vel_ID0000078,None,compute,0,1694329027.0,,,1694329032.0,1694329051.0,1694329063.0,27986382.3,1694329049.0,1694329079.0,1694329068.0,1694329071.0,3972.0,1694329079.0,1694329084.0,5.0,,17.0,30.0,5.0,12.0,177143937.0,3.0,12264.0,poseidon,condorpool,poseidon-worker-2-container-40-43,post_vel,/opt/netcdf2png/merged_netcdf2png,,0.1,0,0,,,,,,,,,
mvt_ID0000029,None,compute,0,1694329027.0,,,1694329032.0,1694329036.0,1694329047.0,33323400.0,1694329034.0,1694329105.0,1694329092.0,1694329095.0,12490.0,1694329105.0,1694329110.0,5.0,,2.0,71.0,5.0,11.0,177143652.0,3.0,38341.0,poseidon,condorpool,poseidon-worker-1-container-40-43,mvt,/opt/mvt/mvt,,40.1,0,0,0.0,842391.0,20480.0,545.0,5.0,39.8,0.1,21059.8,1024.0
mvt_ID0000059,None,compute,0,1694329027.0,,,1694329032.0,1694329051.0,1694329063.0,25264402.7,1694329049.0,1694329120.0,1694329108.0,1694329111.0,9074.0,1694329120.0,1694329125.0,5.0,,17.0,71.0,5.0,12.0,177143652.0,3.0,28164.0,poseidon,condorpool,poseidon-worker-2-container-44-47,mvt,/opt/mvt/mvt,,39.5,0,0,0.0,819383.0,12288.0,488.0,3.0,29.9,0.1,27312.8,1228.8
post_vel_ID0000058,None,compute,0,1694329027.0,,,1694329032.0,1694329051.0,1694329062.0,33388047.4,1694329049.0,1694329079.0,1694329068.0,1694329071.0,3519.0,1694329079.0,1694329084.0,5.0,,17.0,30.0,5.0,11.0,177143937.0,3.0,10981.0,poseidon,condorpool,poseidon-worker-1-container-32-35,post_vel,/opt/netcdf2png/merged_netcdf2png,,0.1,0,0,,,,,,,,,
post_vel_ID0000028,None,compute,0,1694329027.0,,,1694329032.0,1694329036.0,1694329047.0,29675217.0,1694329034.0,1694329063.0,1694329052.0,1694329055.0,3753.0,1694329063.0,1694329068.0,5.0,,2.0,29.0,5.0,11.0,177143937.0,3.0,11529.0,poseidon,condorpool,poseidon-worker-1-container-28-31,post_vel,/opt/netcdf2png/merged_netcdf2png,,0.1,0,0,,,,,,,,,
mvt_ID0000104,None,compute,0,1694329027.0,,,1694329032.0,1694329050.0,1694329062.0,26875541.8,1694329049.0,1694329120.0,1694329107.0,1694329110.0,18978.0,1694329120.0,1694329125.0,5.0,,17.0,71.0,5.0,12.0,177143652.0,3.0,59590.0,poseidon,condorpool,poseidon-worker-1-container-44-47,mvt,/opt/mvt/mvt,,39.5,0,0,0.0,802933.0,32768.0,452.0,8.0,29.9,0.1,26764.4,3276.8
mvt_ID0000074,None,compute,0,1694329027.0,,,1694329032.0,1694329054.0,1694329065.0,34695433.4,1694329052.0,1694329120.0,1694329109.0,1694329112.0,12687.0,1694329120.0,1694329125.0,5.0,,20.0,68.0,5.0,11.0,177143652.0,3.0,38855.0,poseidon,condorpool,poseidon-worker-2-container-20-23,mvt,/opt/mvt/mvt,,39.5,0,0,0.0,827722.0,20480.0,506.0,5.0,29.9,0.1,27590.7,1024.0
post_vel_ID0000073,None,compute,0,1694329027.0,,,1694329032.0,1694329035.0,1694329046.0,34018549.2,1694329034.0,1694329063.0,1694329052.0,1694329055.0,3777.0,1694329063.0,1694329068.0,5.0,,2.0,29.0,5.0,11.0,177143937.0,3.0,11825.0,poseidon,condorpool,poseidon-worker-1-container-20-23,post_vel,/opt/netcdf2png/merged_netcdf2png,,0.1,0,0,,,,,,,,,
post_vel_ID0000123,None,compute,0,1694329027.0,,,1694329032.0,1694329051.0,1694329062.0,34080913.4,1694329049.0,1694329079.0,1694329068.0,1694329071.0,4741.0,1694329079.0,1694329084.0,5.0,,17.0,30.0,5.0,11.0,177143937.0,3.0,14777.0,poseidon,condorpool,poseidon-worker-1-container-40-43,post_vel,/opt/netcdf2png/merged_netcdf2png,,0.1,0,0,,,,,,,,,
mvt_ID0000124,None,compute,0,1694329027.0,,,1694329032.0,1694329051.0,1694329062.0,28229802.8,1694329049.0,1694329120.0,1694329108.0,1694329111.0,22639.0,1694329120.0,1694329125.0,5.0,,17.0,71.0,5.0,11.0,177143652.0,3.0,70564.0,poseidon,condorpool,poseidon-worker-2-container-0-3,mvt,/opt/mvt/mvt,,40.3,0,0,0.0,794291.0,40960.0,440.0,10.0,39.9,0.1,19857.3,4096.0
post_vel_ID0000103,None,compute,0,1694329027.0,,,1694329032.0,1694329051.0,1694329063.0,27526322.4,1694329049.0,1694329079.0,1694329068.0,1694329071.0,4457.0,1694329079.0,1694329084.0,5.0,,17.0,30.0,5.0,12.0,177143937.0,3.0,13815.0,poseidon,condorpool,poseidon-worker-2-container-24-27,post_vel,/opt/netcdf2png/merged_netcdf2png,,0.1,0,0,,,,,,,,,
post_vel_ID0000043,None,compute,0,1694329027.0,,,1694329032.0,1694329036.0,1694329047.0,34034225.8,1694329034.0,1694329063.0,1694329052.0,1694329055.0,3579.0,1694329063.0,1694329068.0,5.0,,2.0,29.0,5.0,11.0,177143937.0,3.0,11050.0,poseidon,condorpool,poseidon-worker-2-container-24-27,post_vel,/opt/netcdf2png/merged_netcdf2png,,0.1,0,0,,,,,,,,,
mvt_ID0000044,None,compute,0,1694329027.0,,,1694329032.0,1694329036.0,1694329047.0,33217647.0,1694329034.0,1694329105.0,1694329092.0,1694329095.0,9188.0,1694329105.0,1694329110.0,5.0,,2.0,71.0,5.0,11.0,177143652.0,3.0,28113.0,poseidon,condorpool,poseidon-worker-2-container-36-39,mvt,/opt/mvt/mvt,,40.0,0,0,0.0,800092.0,12288.0,446.0,3.0,30.0,0.0,26669.7,1228.8
mvt_ID0000069,None,compute,0,1694329027.0,,,1694329032.0,1694329035.0,1694329047.0,29336758.2,1694329034.0,1694329105.0,1694329092.0,1694329095.0,11423.0,1694329105.0,1694329110.0,5.0,,2.0,71.0,5.0,12.0,177143652.0,3.0,35309.0,poseidon,condorpool,poseidon-worker-2-container-44-47,mvt,/opt/mvt/mvt,,40.2,0,0,0.0,803882.0,16384.0,461.0,4.0,39.9,0.1,20097.1,819.2
mvt_ID0000089,None,compute,0,1694329027.0,,,1694329032.0,1694329035.0,1694329046.0,34861083.0,1694329034.0,1694329105.0,1694329092.0,1694329095.0,15810.0,1694329105.0,1694329110.0,5.0,,2.0,71.0,5.0,11.0,177143652.0,3.0,48475.0,poseidon,condorpool,poseidon-worker-2-container-16-19,mvt,/opt/mvt/mvt,,40.0,0,0,0.0,805591.0,24576.0,458.0,6.0,29.9,0.1,26853.0,2457.6
post_vel_ID0000088,None,compute,0,1694329027.0,,,1694329032.0,1694329035.0,1694329046.0,35032393.6,1694329034.0,1694329063.0,1694329052.0,1694329055.0,4050.0,1694329063.0,1694329068.0,5.0,,2.0,29.0,5.0,11.0,177143937.0,3.0,12740.0,poseidon,condorpool,poseidon-worker-1-container-24-27,post_vel,/opt/netcdf2png/merged_netcdf2png,,0.2,0,0,,,,,,,,,
post_vel_ID0000068,None,compute,0,1694329027.0,,,1694329032.0,1694329035.0,1694329046.0,34805094.4,1694329034.0,1694329063.0,1694329052.0,1694329055.0,3581.0,1694329063.0,1694329068.0,5.0,,2.0,29.0,5.0,11.0,177143937.0,3.0,11398.0,poseidon,condorpool,poseidon-worker-2-container-12-15,post_vel,/opt/netcdf2png/merged_netcdf2png,,0.1,0,0,,,,,,,,,
mvt_ID0000079,None,compute,0,1694329027.0,,,1694329032.0,1694329051.0,1694329062.0,35292976.8,1694329049.0,1694329120.0,1694329107.0,1694329110.0,14213.0,1694329120.0,1694329125.0,5.0,,17.0,71.0,5.0,11.0,177143652.0,3.0,45337.0,poseidon,condorpool,poseidon-worker-1-container-12-15,mvt,/opt/mvt/mvt,,39.6,0,0,0.0,820757.0,24576.0,491.0,6.0,29.9,0.1,27358.6,1228.8
mvt_ID0000064,None,compute,0,1694329033.0,,,1694329038.0,1694329051.0,1694329062.0,27637403.0,1694329049.0,1694329120.0,1694329107.0,1694329111.0,9783.0,1694329120.0,1694329125.0,5.0,,11.0,71.0,5.0,11.0,177143652.0,4.0,31148.0,poseidon,condorpool,poseidon-worker-2-container-36-39,mvt,/opt/mvt/mvt,,39.6,0,0,0.0,823506.0,16384.0,497.0,4.0,29.9,0.1,27450.2,819.2
register_condorpool_0_0,None,auxiliary,0,1694329033.0,,,1694329038.0,,,0.0,1694329038.0,1694329043.0,,,0.0,1694329043.0,1694329048.0,5.0,,0.0,5.0,5.0,,,,,poseidon,local,poseidon-submit,pegasus::rc-client,/mnt/poseidon-data/poseidon/pegasus-5.1.0panorama/bin/pegasus-rc-client,"-n pegasus::rc-client -N null -R local  -L casa-wind-full -T 2023-09-08T07:29:05+00:00 /home/poseidon/pegasus-5.1.0panorama/bin/pegasus-rc-client --prefix pegasus.catalog.replica.output --conf /mnt/poseidon-data/poseidon/workflows/casa-wind-workflow-full/submit/poseidon/pegasus/casa-wind-full/run0103/pegasus.15774399519808434597.properties -v --meta /mnt/poseidon-data/poseidon/workflows/casa-wind-workflow-full/submit/poseidon/pegasus/casa-wind-full/run0103/00/00/unzip_ID0000026.meta,/mnt/poseidon-data/poseidon/workflows/casa-wind-workflow-full/submit/poseidon/pegasus/casa-wind-full/run0103/00/00/unzip_ID0000061.meta,/mnt/poseidon-data/poseidon/workflows/casa-wind-workflow-full/submit/poseidon/pegasus/casa-wind-full/run0103/00/00/unzip_ID0000071.meta,/mnt/poseidon-data/poseidon/workflows/casa-wind-workflow-full/submit/poseidon/pegasus/casa-wind-full/run0103/00/00/unzip_ID0000041.meta,/mnt/poseidon-data/poseidon/workflows/casa-wind-workflow-full/submit/poseidon/pegasus/casa-wind-full/run0103/00/00/unzip_ID0000016.meta,/mnt/poseidon-data/poseidon/workflows/casa-wind-workflow-full/submit/poseidon/pegasus/casa-wind-full/run0103/00/00/unzip_ID0000111.meta,/mnt/poseidon-data/poseidon/workflows/casa-wind-workflow-full/submit/poseidon/pegasus/casa-wind-full/run0103/00/00/unzip_ID0000011.meta,/mnt/poseidon-data/poseidon/workflows/casa-wind-workflow-full/submit/poseidon/pegasus/casa-wind-full/run0103/00/00/unzip_ID0000081.meta,/mnt/poseidon-data/poseidon/workflows/casa-wind-workflow-full/submit/poseidon/pegasus/casa-wind-full/run0103/00/00/unzip_ID0000066.meta,/mnt/poseidon-data/poseidon/workflows/casa-wind-workflow-full/submit/poseidon/pegasus/casa-wind-full/run0103/00/00/unzip_ID0000096.meta,/mnt/poseidon-data/poseidon/workflows/casa-wind-workflow-full/submit/poseidon/pegasus/casa-wind-full/run0103/00/00/unzip_ID0000051.meta,/mnt/poseidon-data/poseidon/workflows/casa-wind-workflow-full/submit/poseidon/pegasus/casa-wind-full/run0103/00/00/unzip_ID0000031.meta,/mnt/poseidon-data/poseidon/workflows/casa-wind-workflow-full/submit/poseidon/pegasus/casa-wind-full/run0103/00/00/unzip_ID0000116.meta,/mnt/poseidon-data/poseidon/workflows/casa-wind-workflow-full/submit/poseidon/pegasus/casa-wind-full/run0103/00/00/unzip_ID0000101.meta,/mnt/poseidon-data/poseidon/workflows/casa-wind-workflow-full/submit/poseidon/pegasus/casa-wind-full/run0103/00/00/unzip_ID0000121.meta,/mnt/poseidon-data/poseidon/workflows/casa-wind-workflow-full/submit/poseidon/pegasus/casa-wind-full/run0103/00/00/unzip_ID0000106.meta,/mnt/poseidon-data/poseidon/workflows/casa-wind-workflow-full/submit/poseidon/pegasus/casa-wind-full/run0103/00/00/unzip_ID0000046.meta,/mnt/poseidon-data/poseidon/workflows/casa-wind-workflow-full/submit/poseidon/pegasus/casa-wind-full/run0103/00/00/unzip_ID0000076.meta,/mnt/poseidon-data/poseidon/workflows/casa-wind-workflow-full/submit/poseidon/pegasus/casa-wind-full/run0103/00/00/unzip_ID0000056.meta,/mnt/poseidon-data/poseidon/workflows/casa-wind-workflow-full/submit/poseidon/pegasus/casa-wind-full/run0103/00/00/unzip_ID0000021.meta,/mnt/poseidon-data/poseidon/workflows/casa-wind-workflow-full/submit/poseidon/pegasus/casa-wind-full/run0103/00/00/unzip_ID0000086.meta,/mnt/poseidon-data/poseidon/workflows/casa-wind-workflow-full/submit/poseidon/pegasus/casa-wind-full/run0103/00/00/unzip_ID0000126.meta,/mnt/poseidon-data/poseidon/workflows/casa-wind-workflow-full/submit/poseidon/pegasus/casa-wind-full/run0103/00/00/unzip_ID0000006.meta,/mnt/poseidon-data/poseidon/workflows/casa-wind-workflow-full/submit/poseidon/pegasus/casa-wind-full/run0103/00/00/unzip_ID0000036.meta,/mnt/poseidon-data/poseidon/workflows/casa-wind-workflow-full/submit/poseidon/pegasus/casa-wind-full/run0103/00/00/unzip_ID0000001.meta,/mnt/poseidon-data/poseidon/workflows/casa-wind-workflow-full/submit/poseidon/pegasus/casa-wind-full/run0103/00/00/unzip_ID0000091.meta --insert /mnt/poseidon-data/poseidon/workflows/casa-wind-workflow-full/submit/poseidon/pegasus/casa-wind-full/run0103/00/00/register_condorpool_0_0.in",3.2,0,0,,,,,,,,,
register_condorpool_0_1,None,auxiliary,0,1694329033.0,,,1694329089.0,,,0.0,1694329090.0,1694329094.0,,,0.0,1694329094.0,1694329100.0,56.0,,1.0,4.0,6.0,,,,,poseidon,local,poseidon-submit,pegasus::rc-client,/mnt/poseidon-data/poseidon/pegasus-5.1.0panorama/bin/pegasus-rc-client,"-n pegasus::rc-client -N null -R local  -L casa-wind-full -T 2023-09-08T07:29:05+00:00 /home/poseidon/pegasus-5.1.0panorama/bin/pegasus-rc-client --prefix pegasus.catalog.replica.output --conf /mnt/poseidon-data/poseidon/workflows/casa-wind-workflow-full/submit/poseidon/pegasus/casa-wind-full/run0103/pegasus.15774399519808434597.properties -v --meta /mnt/poseidon-data/poseidon/workflows/casa-wind-workflow-full/submit/poseidon/pegasus/casa-wind-full/run0103/00/00/unzip_ID0000026.meta,/mnt/poseidon-data/poseidon/workflows/casa-wind-workflow-full/submit/poseidon/pegasus/casa-wind-full/run0103/00/00/unzip_ID0000061.meta,/mnt/poseidon-data/poseidon/workflows/casa-wind-workflow-full/submit/poseidon/pegasus/casa-wind-full/run0103/00/00/unzip_ID0000071.meta,/mnt/poseidon-data/poseidon/workflows/casa-wind-workflow-full/submit/poseidon/pegasus/casa-wind-full/run0103/00/00/unzip_ID0000041.meta,/mnt/poseidon-data/poseidon/workflows/casa-wind-workflow-full/submit/poseidon/pegasus/casa-wind-full/run0103/00/00/unzip_ID0000016.meta,/mnt/poseidon-data/poseidon/workflows/casa-wind-workflow-full/submit/poseidon/pegasus/casa-wind-full/run0103/00/00/unzip_ID0000111.meta,/mnt/poseidon-data/poseidon/workflows/casa-wind-workflow-full/submit/poseidon/pegasus/casa-wind-full/run0103/00/00/unzip_ID0000011.meta,/mnt/poseidon-data/poseidon/workflows/casa-wind-workflow-full/submit/poseidon/pegasus/casa-wind-full/run0103/00/00/unzip_ID0000081.meta,/mnt/poseidon-data/poseidon/workflows/casa-wind-workflow-full/submit/poseidon/pegasus/casa-wind-full/run0103/00/00/unzip_ID0000066.meta,/mnt/poseidon-data/poseidon/workflows/casa-wind-workflow-full/submit/poseidon/pegasus/casa-wind-full/run0103/00/00/unzip_ID0000096.meta,/mnt/poseidon-data/poseidon/workflows/casa-wind-workflow-full/submit/poseidon/pegasus/casa-wind-full/run0103/00/00/unzip_ID0000051.meta,/mnt/poseidon-data/poseidon/workflows/casa-wind-workflow-full/submit/poseidon/pegasus/casa-wind-full/run0103/00/00/unzip_ID0000031.meta,/mnt/poseidon-data/poseidon/workflows/casa-wind-workflow-full/submit/poseidon/pegasus/casa-wind-full/run0103/00/00/unzip_ID0000116.meta,/mnt/poseidon-data/poseidon/workflows/casa-wind-workflow-full/submit/poseidon/pegasus/casa-wind-full/run0103/00/00/unzip_ID0000101.meta,/mnt/poseidon-data/poseidon/workflows/casa-wind-workflow-full/submit/poseidon/pegasus/casa-wind-full/run0103/00/00/unzip_ID0000121.meta,/mnt/poseidon-data/poseidon/workflows/casa-wind-workflow-full/submit/poseidon/pegasus/casa-wind-full/run0103/00/00/unzip_ID0000106.meta,/mnt/poseidon-data/poseidon/workflows/casa-wind-workflow-full/submit/poseidon/pegasus/casa-wind-full/run0103/00/00/unzip_ID0000046.meta,/mnt/poseidon-data/poseidon/workflows/casa-wind-workflow-full/submit/poseidon/pegasus/casa-wind-full/run0103/00/00/unzip_ID0000076.meta,/mnt/poseidon-data/poseidon/workflows/casa-wind-workflow-full/submit/poseidon/pegasus/casa-wind-full/run0103/00/00/unzip_ID0000056.meta,/mnt/poseidon-data/poseidon/workflows/casa-wind-workflow-full/submit/poseidon/pegasus/casa-wind-full/run0103/00/00/unzip_ID0000021.meta,/mnt/poseidon-data/poseidon/workflows/casa-wind-workflow-full/submit/poseidon/pegasus/casa-wind-full/run0103/00/00/unzip_ID0000086.meta,/mnt/poseidon-data/poseidon/workflows/casa-wind-workflow-full/submit/poseidon/pegasus/casa-wind-full/run0103/00/00/unzip_ID0000126.meta,/mnt/poseidon-data/poseidon/workflows/casa-wind-workflow-full/submit/poseidon/pegasus/casa-wind-full/run0103/00/00/unzip_ID0000006.meta,/mnt/poseidon-data/poseidon/workflows/casa-wind-workflow-full/submit/poseidon/pegasus/casa-wind-full/run0103/00/00/unzip_ID0000036.meta,/mnt/poseidon-data/poseidon/workflows/casa-wind-workflow-full/submit/poseidon/pegasus/casa-wind-full/run0103/00/00/unzip_ID0000001.meta,/mnt/poseidon-data/poseidon/workflows/casa-wind-workflow-full/submit/poseidon/pegasus/casa-wind-full/run0103/00/00/unzip_ID0000091.meta --insert /mnt/poseidon-data/poseidon/workflows/casa-wind-workflow-full/submit/poseidon/pegasus/casa-wind-full/run0103/00/00/register_condorpool_0_1.in",3.0,0,0,,,,,,,,,
post_vel_ID0000063,None,compute,0,1694329033.0,,,1694329038.0,1694329051.0,1694329062.0,33229503.6,1694329049.0,1694329079.0,1694329068.0,1694329071.0,3734.0,1694329079.0,1694329084.0,5.0,,11.0,30.0,5.0,11.0,177143937.0,3.0,11628.0,poseidon,condorpool,poseidon-worker-1-container-20-23,post_vel,/opt/netcdf2png/merged_netcdf2png,,0.1,0,0,,,,,,,,,
post_vel_ID0000008,None,compute,0,1694329033.0,,,1694329038.0,1694329051.0,1694329062.0,28250562.6,1694329049.0,1694329079.0,1694329068.0,1694329071.0,3584.0,1694329079.0,1694329084.0,5.0,,11.0,30.0,5.0,11.0,177143937.0,3.0,10982.0,poseidon,condorpool,poseidon-worker-1-container-8-11,post_vel,/opt/netcdf2png/merged_netcdf2png,,0.1,0,0,,,,,,,,,
mvt_ID0000094,None,compute,0,1694329033.0,,,1694329038.0,1694329051.0,1694329062.0,29634961.0,1694329050.0,1694329120.0,1694329107.0,1694329110.0,16551.0,1694329120.0,1694329125.0,5.0,,12.0,70.0,5.0,11.0,177143652.0,3.0,52407.0,poseidon,condorpool,poseidon-worker-2-container-28-31,mvt,/opt/mvt/mvt,,39.7,0,0,0.0,819378.0,28672.0,488.0,7.0,29.9,0.1,27312.6,1433.6
mvt_ID0000009,None,compute,0,1694329033.0,,,1694329038.0,1694329050.0,1694329061.0,34765677.2,1694329049.0,1694329120.0,1694329107.0,1694329110.0,11403.0,1694329120.0,1694329125.0,5.0,,11.0,71.0,5.0,11.0,177143652.0,3.0,35429.0,poseidon,condorpool,poseidon-worker-1-container-24-27,mvt,/opt/mvt/mvt,,39.8,0,0,0.0,791978.0,20480.0,428.0,5.0,29.9,0.1,26399.3,1024.0
post_vel_ID0000093,None,compute,0,1694329033.0,,,1694329038.0,1694329052.0,1694329063.0,28488623.4,1694329050.0,1694329079.0,1694329069.0,1694329072.0,4353.0,1694329079.0,1694329084.0,5.0,,12.0,29.0,5.0,11.0,177143937.0,3.0,13303.0,poseidon,condorpool,poseidon-worker-1-container-28-31,post_vel,/opt/netcdf2png/merged_netcdf2png,,0.1,0,0,,,,,,,,,
register_condorpool_0_2,None,auxiliary,0,1694329038.0,,,1694329048.0,,,0.0,1694329049.0,1694329053.0,,,0.0,1694329053.0,1694329058.0,10.0,,1.0,4.0,5.0,,,,,poseidon,local,poseidon-submit,pegasus::rc-client,/mnt/poseidon-data/poseidon/pegasus-5.1.0panorama/bin/pegasus-rc-client,"-n pegasus::rc-client -N null -R local  -L casa-wind-full -T 2023-09-08T07:29:05+00:00 /home/poseidon/pegasus-5.1.0panorama/bin/pegasus-rc-client --prefix pegasus.catalog.replica.output --conf /mnt/poseidon-data/poseidon/workflows/casa-wind-workflow-full/submit/poseidon/pegasus/casa-wind-full/run0103/pegasus.15774399519808434597.properties -v --meta /mnt/poseidon-data/poseidon/workflows/casa-wind-workflow-full/submit/poseidon/pegasus/casa-wind-full/run0103/00/00/unzip_ID0000026.meta,/mnt/poseidon-data/poseidon/workflows/casa-wind-workflow-full/submit/poseidon/pegasus/casa-wind-full/run0103/00/00/unzip_ID0000061.meta,/mnt/poseidon-data/poseidon/workflows/casa-wind-workflow-full/submit/poseidon/pegasus/casa-wind-full/run0103/00/00/unzip_ID0000071.meta,/mnt/poseidon-data/poseidon/workflows/casa-wind-workflow-full/submit/poseidon/pegasus/casa-wind-full/run0103/00/00/unzip_ID0000041.meta,/mnt/poseidon-data/poseidon/workflows/casa-wind-workflow-full/submit/poseidon/pegasus/casa-wind-full/run0103/00/00/unzip_ID0000016.meta,/mnt/poseidon-data/poseidon/workflows/casa-wind-workflow-full/submit/poseidon/pegasus/casa-wind-full/run0103/00/00/unzip_ID0000111.meta,/mnt/poseidon-data/poseidon/workflows/casa-wind-workflow-full/submit/poseidon/pegasus/casa-wind-full/run0103/00/00/unzip_ID0000011.meta,/mnt/poseidon-data/poseidon/workflows/casa-wind-workflow-full/submit/poseidon/pegasus/casa-wind-full/run0103/00/00/unzip_ID0000081.meta,/mnt/poseidon-data/poseidon/workflows/casa-wind-workflow-full/submit/poseidon/pegasus/casa-wind-full/run0103/00/00/unzip_ID0000066.meta,/mnt/poseidon-data/poseidon/workflows/casa-wind-workflow-full/submit/poseidon/pegasus/casa-wind-full/run0103/00/00/unzip_ID0000096.meta,/mnt/poseidon-data/poseidon/workflows/casa-wind-workflow-full/submit/poseidon/pegasus/casa-wind-full/run0103/00/00/unzip_ID0000051.meta,/mnt/poseidon-data/poseidon/workflows/casa-wind-workflow-full/submit/poseidon/pegasus/casa-wind-full/run0103/00/00/unzip_ID0000031.meta,/mnt/poseidon-data/poseidon/workflows/casa-wind-workflow-full/submit/poseidon/pegasus/casa-wind-full/run0103/00/00/unzip_ID0000116.meta,/mnt/poseidon-data/poseidon/workflows/casa-wind-workflow-full/submit/poseidon/pegasus/casa-wind-full/run0103/00/00/unzip_ID0000101.meta,/mnt/poseidon-data/poseidon/workflows/casa-wind-workflow-full/submit/poseidon/pegasus/casa-wind-full/run0103/00/00/unzip_ID0000121.meta,/mnt/poseidon-data/poseidon/workflows/casa-wind-workflow-full/submit/poseidon/pegasus/casa-wind-full/run0103/00/00/unzip_ID0000106.meta,/mnt/poseidon-data/poseidon/workflows/casa-wind-workflow-full/submit/poseidon/pegasus/casa-wind-full/run0103/00/00/unzip_ID0000046.meta,/mnt/poseidon-data/poseidon/workflows/casa-wind-workflow-full/submit/poseidon/pegasus/casa-wind-full/run0103/00/00/unzip_ID0000076.meta,/mnt/poseidon-data/poseidon/workflows/casa-wind-workflow-full/submit/poseidon/pegasus/casa-wind-full/run0103/00/00/unzip_ID0000056.meta,/mnt/poseidon-data/poseidon/workflows/casa-wind-workflow-full/submit/poseidon/pegasus/casa-wind-full/run0103/00/00/unzip_ID0000021.meta,/mnt/poseidon-data/poseidon/workflows/casa-wind-workflow-full/submit/poseidon/pegasus/casa-wind-full/run0103/00/00/unzip_ID0000086.meta,/mnt/poseidon-data/poseidon/workflows/casa-wind-workflow-full/submit/poseidon/pegasus/casa-wind-full/run0103/00/00/unzip_ID0000126.meta,/mnt/poseidon-data/poseidon/workflows/casa-wind-workflow-full/submit/poseidon/pegasus/casa-wind-full/run0103/00/00/unzip_ID0000006.meta,/mnt/poseidon-data/poseidon/workflows/casa-wind-workflow-full/submit/poseidon/pegasus/casa-wind-full/run0103/00/00/unzip_ID0000036.meta,/mnt/poseidon-data/poseidon/workflows/casa-wind-workflow-full/submit/poseidon/pegasus/casa-wind-full/run0103/00/00/unzip_ID0000001.meta,/mnt/poseidon-data/poseidon/workflows/casa-wind-workflow-full/submit/poseidon/pegasus/casa-wind-full/run0103/00/00/unzip_ID0000091.meta --insert /mnt/poseidon-data/poseidon/workflows/casa-wind-workflow-full/submit/poseidon/pegasus/casa-wind-full/run0103/00/00/register_condorpool_0_2.in",3.1,0,0,,,,,,,,,
mvt_ID0000024,None,compute,0,1694329038.0,,,1694329043.0,1694329050.0,1694329062.0,30183659.8,1694329049.0,1694329120.0,1694329107.0,1694329110.0,9785.0,1694329120.0,1694329125.0,5.0,,6.0,71.0,5.0,12.0,177143652.0,3.0,30705.0,poseidon,condorpool,poseidon-worker-1-container-16-19,mvt,/opt/mvt/mvt,,39.6,0,0,0.0,791977.0,16384.0,428.0,4.0,29.9,0.1,26399.2,819.2
post_vel_ID0000083,None,compute,0,1694329038.0,,,1694329043.0,1694329051.0,1694329069.0,15007784.0,1694329049.0,1694329084.0,1694329074.0,1694329077.0,4182.0,1694329084.0,1694329089.0,5.0,,6.0,35.0,5.0,18.0,177143937.0,3.0,12720.0,poseidon,condorpool,poseidon-worker-1-container-36-39,post_vel,/opt/netcdf2png/merged_netcdf2png,,0.1,0,0,,,,,,,,,
mvt_ID0000084,None,compute,0,1694329038.0,,,1694329043.0,1694329050.0,1694329061.0,29626102.0,1694329049.0,1694329115.0,1694329106.0,1694329110.0,14982.0,1694329115.0,1694329120.0,5.0,,6.0,66.0,5.0,11.0,177143652.0,4.0,47998.0,poseidon,condorpool,poseidon-worker-1-container-40-43,mvt,/opt/mvt/mvt,,39.8,0,0,0.0,846930.0,24576.0,548.0,6.0,29.9,0.1,28231.0,1228.8
post_vel_ID0000023,None,compute,0,1694329038.0,,,1694329043.0,1694329051.0,1694329064.0,24546259.7,1694329049.0,1694329079.0,1694329069.0,1694329072.0,3693.0,1694329079.0,1694329084.0,5.0,,6.0,30.0,5.0,13.0,177143937.0,3.0,11372.0,poseidon,condorpool,poseidon-worker-2-container-8-11,post_vel,/opt/netcdf2png/merged_netcdf2png,,0.1,0,0,,,,,,,,,
mvt_ID0000034,None,compute,0,1694329038.0,,,1694329043.0,1694329050.0,1694329062.0,32458012.0,1694329048.0,1694329120.0,1694329107.0,1694329110.0,9768.0,1694329120.0,1694329125.0,5.0,,5.0,72.0,5.0,12.0,177143652.0,3.0,30976.0,poseidon,condorpool,poseidon-worker-2-container-16-19,mvt,/opt/mvt/mvt,,39.7,0,0,0.0,824871.0,16384.0,500.0,4.0,29.9,0.1,27495.7,819.2
post_vel_ID0000113,None,compute,0,1694329038.0,,,1694329043.0,1694329050.0,1694329062.0,30552396.6,1694329048.0,1694329079.0,1694329067.0,1694329070.0,4700.0,1694329079.0,1694329084.0,5.0,,5.0,31.0,5.0,12.0,177143937.0,3.0,14745.0,poseidon,condorpool,poseidon-worker-2-container-32-35,post_vel,/opt/netcdf2png/merged_netcdf2png,,0.1,0,0,,,,,,,,,
mvt_ID0000114,None,compute,0,1694329038.0,,,1694329043.0,1694329050.0,1694329061.0,33119428.2,1694329048.0,1694329115.0,1694329106.0,1694329110.0,22355.0,1694329115.0,1694329120.0,5.0,,5.0,67.0,5.0,11.0,177143652.0,4.0,73234.0,poseidon,condorpool,poseidon-worker-1-container-4-7,mvt,/opt/mvt/mvt,,39.8,0,0,0.0,791894.0,40960.0,428.0,10.0,29.9,0.1,26396.5,4096.0
mvt_ID0000004,None,compute,0,1694329038.0,,,1694329043.0,1694329050.0,1694329065.0,20623744.2,1694329049.0,1694329120.0,1694329110.0,1694329113.0,9435.0,1694329120.0,1694329125.0,5.0,,6.0,71.0,5.0,15.0,177143652.0,3.0,28781.0,poseidon,condorpool,poseidon-worker-1-container-0-3,mvt,/opt/mvt/mvt,,39.7,0,0,0.0,819258.0,16384.0,488.0,4.0,29.9,0.1,27308.6,819.2
stage_out_local_condorpool_1_0,None,transfer,0,1694329038.0,,,1694329043.0,,,0.0,1694329044.0,1694329048.0,,,0.0,1694329048.0,1694329053.0,5.0,,1.0,4.0,5.0,,,,,poseidon,local,poseidon-submit,pegasus::transfer,/mnt/poseidon-data/poseidon/pegasus-5.1.0panorama/bin/pegasus-transfer,/home/poseidon/pegasus-5.1.0panorama/bin/../bin/pegasus-kickstart  -n pegasus::transfer -N null -i - -R local  -L casa-wind-full -T 2023-09-08T07:29:05+00:00 /home/poseidon/pegasus-5.1.0panorama/bin/../bin/pegasus-transfer  --threads 2,1.0,0,0,,,,,,,,,
post_vel_ID0000003,None,compute,0,1694329038.0,,,1694329043.0,1694329051.0,1694329063.0,28157452.4,1694329049.0,1694329079.0,1694329068.0,1694329071.0,3535.0,1694329079.0,1694329084.0,5.0,,6.0,30.0,5.0,12.0,177143937.0,3.0,10865.0,poseidon,condorpool,poseidon-worker-2-container-4-7,post_vel,/opt/netcdf2png/merged_netcdf2png,,0.1,0,0,,,,,,,,,
post_vel_ID0000033,None,compute,0,1694329038.0,,,1694329043.0,1694329051.0,1694329062.0,35350850.6,1694329049.0,1694329079.0,1694329067.0,1694329071.0,3723.0,1694329079.0,1694329084.0,5.0,,6.0,30.0,5.0,11.0,177143937.0,4.0,11464.0,poseidon,condorpool,poseidon-worker-2-container-12-15,post_vel,/opt/netcdf2png/merged_netcdf2png,,0.1,0,0,,,,,,,,,
stage_out_local_condorpool_1_2,None,transfer,0,1694329038.0,,,1694329043.0,,,0.0,1694329044.0,1694329048.0,,,0.0,1694329048.0,1694329053.0,5.0,,1.0,4.0,5.0,,,,,poseidon,local,poseidon-submit,pegasus::transfer,/mnt/poseidon-data/poseidon/pegasus-5.1.0panorama/bin/pegasus-transfer,/home/poseidon/pegasus-5.1.0panorama/bin/../bin/pegasus-kickstart  -n pegasus::transfer -N null -i - -R local  -L casa-wind-full -T 2023-09-08T07:29:05+00:00 /home/poseidon/pegasus-5.1.0panorama/bin/../bin/pegasus-transfer  --threads 2,0.9,0,0,,,,,,,,,
register_condorpool_1_2,None,auxiliary,0,1694329053.0,,,1694329058.0,,,0.0,1694329058.0,1694329063.0,,,0.0,1694329063.0,1694329068.0,5.0,,0.0,5.0,5.0,,,,,poseidon,local,poseidon-submit,pegasus::rc-client,/mnt/poseidon-data/poseidon/pegasus-5.1.0panorama/bin/pegasus-rc-client,"-n pegasus::rc-client -N null -R local  -L casa-wind-full -T 2023-09-08T07:29:05+00:00 /home/poseidon/pegasus-5.1.0panorama/bin/pegasus-rc-client --prefix pegasus.catalog.replica.output --conf /mnt/poseidon-data/poseidon/workflows/casa-wind-workflow-full/submit/poseidon/pegasus/casa-wind-full/run0103/pegasus.15774399519808434597.properties -v --meta /mnt/poseidon-data/poseidon/workflows/casa-wind-workflow-full/submit/poseidon/pegasus/casa-wind-full/run0103/00/00/um_vel_ID0000117.meta,/mnt/poseidon-data/poseidon/workflows/casa-wind-workflow-full/submit/poseidon/pegasus/casa-wind-full/run0103/00/01/um_vel_ID0000052.meta,/mnt/poseidon-data/poseidon/workflows/casa-wind-workflow-full/submit/poseidon/pegasus/casa-wind-full/run0103/00/00/um_vel_ID0000002.meta,/mnt/poseidon-data/poseidon/workflows/casa-wind-workflow-full/submit/poseidon/pegasus/casa-wind-full/run0103/00/00/um_vel_ID0000012.meta,/mnt/poseidon-data/poseidon/workflows/casa-wind-workflow-full/submit/poseidon/pegasus/casa-wind-full/run0103/00/00/um_vel_ID0000032.meta,/mnt/poseidon-data/poseidon/workflows/casa-wind-workflow-full/submit/poseidon/pegasus/casa-wind-full/run0103/00/01/um_vel_ID0000062.meta,/mnt/poseidon-data/poseidon/workflows/casa-wind-workflow-full/submit/poseidon/pegasus/casa-wind-full/run0103/00/01/um_vel_ID0000112.meta,/mnt/poseidon-data/poseidon/workflows/casa-wind-workflow-full/submit/poseidon/pegasus/casa-wind-full/run0103/00/01/um_vel_ID0000107.meta --insert /mnt/poseidon-data/poseidon/workflows/casa-wind-workflow-full/submit/poseidon/pegasus/casa-wind-full/run0103/00/01/register_condorpool_1_2.in",2.8,0,0,,,,,,,,,
register_condorpool_1_0,None,auxiliary,0,1694329053.0,,,1694329068.0,,,0.0,1694329069.0,1694329073.0,,,0.0,1694329073.0,1694329079.0,15.0,,1.0,4.0,6.0,,,,,poseidon,local,poseidon-submit,pegasus::rc-client,/mnt/poseidon-data/poseidon/pegasus-5.1.0panorama/bin/pegasus-rc-client,"-n pegasus::rc-client -N null -R local  -L casa-wind-full -T 2023-09-08T07:29:05+00:00 /home/poseidon/pegasus-5.1.0panorama/bin/pegasus-rc-client --prefix pegasus.catalog.replica.output --conf /mnt/poseidon-data/poseidon/workflows/casa-wind-workflow-full/submit/poseidon/pegasus/casa-wind-full/run0103/pegasus.15774399519808434597.properties -v --meta /mnt/poseidon-data/poseidon/workflows/casa-wind-workflow-full/submit/poseidon/pegasus/casa-wind-full/run0103/00/01/um_vel_ID0000067.meta,/mnt/poseidon-data/poseidon/workflows/casa-wind-workflow-full/submit/poseidon/pegasus/casa-wind-full/run0103/00/00/um_vel_ID0000127.meta,/mnt/poseidon-data/poseidon/workflows/casa-wind-workflow-full/submit/poseidon/pegasus/casa-wind-full/run0103/00/00/um_vel_ID0000122.meta,/mnt/poseidon-data/poseidon/workflows/casa-wind-workflow-full/submit/poseidon/pegasus/casa-wind-full/run0103/00/00/um_vel_ID0000092.meta,/mnt/poseidon-data/poseidon/workflows/casa-wind-workflow-full/submit/poseidon/pegasus/casa-wind-full/run0103/00/01/um_vel_ID0000077.meta,/mnt/poseidon-data/poseidon/workflows/casa-wind-workflow-full/submit/poseidon/pegasus/casa-wind-full/run0103/00/01/um_vel_ID0000057.meta,/mnt/poseidon-data/poseidon/workflows/casa-wind-workflow-full/submit/poseidon/pegasus/casa-wind-full/run0103/00/00/um_vel_ID0000027.meta,/mnt/poseidon-data/poseidon/workflows/casa-wind-workflow-full/submit/poseidon/pegasus/casa-wind-full/run0103/00/01/um_vel_ID0000042.meta,/mnt/poseidon-data/poseidon/workflows/casa-wind-workflow-full/submit/poseidon/pegasus/casa-wind-full/run0103/00/00/um_vel_ID0000022.meta --insert /mnt/poseidon-data/poseidon/workflows/casa-wind-workflow-full/submit/poseidon/pegasus/casa-wind-full/run0103/00/01/register_condorpool_1_0.in",2.7,0,0,,,,,,,,,
mvt_ID0000019,None,compute,0,1694329053.0,,,1694329058.0,1694329061.0,1694329072.0,33630913.4,1694329059.0,1694329130.0,1694329116.0,1694329119.0,11785.0,1694329130.0,1694329135.0,5.0,,1.0,71.0,5.0,11.0,177143652.0,3.0,36245.0,poseidon,condorpool,poseidon-worker-1-container-44-47,mvt,/opt/mvt/mvt,,39.2,0,0,0.0,823582.0,20480.0,497.0,5.0,29.9,0.1,27452.7,1024.0
stage_out_local_condorpool_1_1,None,transfer,0,1694329053.0,,,1694329058.0,,,0.0,1694329058.0,1694329063.0,,,0.0,1694329063.0,1694329068.0,5.0,,0.0,5.0,5.0,,,,,poseidon,local,poseidon-submit,pegasus::transfer,/mnt/poseidon-data/poseidon/pegasus-5.1.0panorama/bin/pegasus-transfer,/home/poseidon/pegasus-5.1.0panorama/bin/../bin/pegasus-kickstart  -n pegasus::transfer -N null -i - -R local  -L casa-wind-full -T 2023-09-08T07:29:05+00:00 /home/poseidon/pegasus-5.1.0panorama/bin/../bin/pegasus-transfer  --threads 2,0.9,0,0,,,,,,,,,
post_vel_ID0000018,None,compute,0,1694329053.0,,,1694329058.0,1694329061.0,1694329072.0,33941156.0,1694329059.0,1694329089.0,1694329077.0,1694329080.0,3829.0,1694329089.0,1694329094.0,5.0,,1.0,30.0,5.0,11.0,177143937.0,3.0,11645.0,poseidon,condorpool,poseidon-worker-2-container-8-11,post_vel,/opt/netcdf2png/merged_netcdf2png,,0.1,0,0,,,,,,,,,
register_condorpool_1_1,None,auxiliary,0,1694329068.0,,,1694329079.0,,,0.0,1694329079.0,1694329084.0,,,0.0,1694329084.0,1694329089.0,11.0,,0.0,5.0,5.0,,,,,poseidon,local,poseidon-submit,pegasus::rc-client,/mnt/poseidon-data/poseidon/pegasus-5.1.0panorama/bin/pegasus-rc-client,"-n pegasus::rc-client -N null -R local  -L casa-wind-full -T 2023-09-08T07:29:05+00:00 /home/poseidon/pegasus-5.1.0panorama/bin/pegasus-rc-client --prefix pegasus.catalog.replica.output --conf /mnt/poseidon-data/poseidon/workflows/casa-wind-workflow-full/submit/poseidon/pegasus/casa-wind-full/run0103/pegasus.15774399519808434597.properties -v --meta /mnt/poseidon-data/poseidon/workflows/casa-wind-workflow-full/submit/poseidon/pegasus/casa-wind-full/run0103/00/00/um_vel_ID0000017.meta,/mnt/poseidon-data/poseidon/workflows/casa-wind-workflow-full/submit/poseidon/pegasus/casa-wind-full/run0103/00/01/um_vel_ID0000037.meta,/mnt/poseidon-data/poseidon/workflows/casa-wind-workflow-full/submit/poseidon/pegasus/casa-wind-full/run0103/00/00/um_vel_ID0000082.meta,/mnt/poseidon-data/poseidon/workflows/casa-wind-workflow-full/submit/poseidon/pegasus/casa-wind-full/run0103/00/00/um_vel_ID0000097.meta,/mnt/poseidon-data/poseidon/workflows/casa-wind-workflow-full/submit/poseidon/pegasus/casa-wind-full/run0103/00/01/um_vel_ID0000047.meta,/mnt/poseidon-data/poseidon/workflows/casa-wind-workflow-full/submit/poseidon/pegasus/casa-wind-full/run0103/00/00/um_vel_ID0000087.meta,/mnt/poseidon-data/poseidon/workflows/casa-wind-workflow-full/submit/poseidon/pegasus/casa-wind-full/run0103/00/01/um_vel_ID0000007.meta,/mnt/poseidon-data/poseidon/workflows/casa-wind-workflow-full/submit/poseidon/pegasus/casa-wind-full/run0103/00/01/um_vel_ID0000072.meta,/mnt/poseidon-data/poseidon/workflows/casa-wind-workflow-full/submit/poseidon/pegasus/casa-wind-full/run0103/00/01/um_vel_ID0000102.meta --insert /mnt/poseidon-data/poseidon/workflows/casa-wind-workflow-full/submit/poseidon/pegasus/casa-wind-full/run0103/00/01/register_condorpool_1_1.in",2.7,0,0,,,,,,,,,
point_alert_ID0000050,None,compute,0,1694329100.0,,,1694329105.0,1694329108.0,1694329119.0,35093080.0,1694329106.0,1694329135.0,1694329124.0,1694329127.0,6784.0,1694329135.0,1694329140.0,5.0,,1.0,29.0,5.0,11.0,176632091.0,3.0,20878.0,poseidon,condorpool,poseidon-worker-2-container-4-7,point_alert,/opt/pointAlert/pointAlert,,0.0,0,0,,,,,,,,,
point_alert_ID0000110,None,compute,0,1694329100.0,,,1694329105.0,1694329108.0,1694329119.0,29566976.0,1694329106.0,1694329135.0,1694329124.0,1694329127.0,6831.0,1694329135.0,1694329140.0,5.0,,1.0,29.0,5.0,11.0,176667937.0,3.0,21038.0,poseidon,condorpool,poseidon-worker-2-container-8-11,point_alert,/opt/pointAlert/pointAlert,,0.0,0,0,,,,,,,,,
point_alert_ID0000130,None,compute,0,1694329100.0,,,1694329105.0,1694329108.0,1694329119.0,32622491.0,1694329106.0,1694329135.0,1694329124.0,1694329127.0,7576.0,1694329135.0,1694329140.0,5.0,,1.0,29.0,5.0,11.0,176672472.0,3.0,23118.0,poseidon,condorpool,poseidon-worker-1-container-0-3,point_alert,/opt/pointAlert/pointAlert,,0.0,0,0,,,,,,,,,
point_alert_ID0000055,None,compute,0,1694329105.0,,,1694329110.0,1694329113.0,1694329124.0,33607810.6,1694329111.0,1694329140.0,1694329129.0,1694329132.0,6713.0,1694329140.0,1694329145.0,5.0,,1.0,29.0,5.0,11.0,176636535.0,3.0,20638.0,poseidon,condorpool,poseidon-worker-2-container-28-31,point_alert,/opt/pointAlert/pointAlert,,0.0,0,0,,,,,,,,,
point_alert_ID0000120,None,compute,0,1694329105.0,,,1694329110.0,1694329113.0,1694329124.0,32924266.4,1694329111.0,1694329140.0,1694329129.0,1694329132.0,7143.0,1694329140.0,1694329145.0,5.0,,1.0,29.0,5.0,11.0,176673508.0,3.0,21998.0,poseidon,condorpool,poseidon-worker-2-container-4-7,point_alert,/opt/pointAlert/pointAlert,,0.0,0,0,,,,,,,,,
point_alert_ID0000040,None,compute,0,1694329105.0,,,1694329110.0,1694329113.0,1694329124.0,34918451.0,1694329111.0,1694329140.0,1694329129.0,1694329132.0,6620.0,1694329140.0,1694329145.0,5.0,,1.0,29.0,5.0,11.0,176642369.0,3.0,20558.0,poseidon,condorpool,poseidon-worker-1-container-8-11,point_alert,/opt/pointAlert/pointAlert,,0.0,0,0,,,,,,,,,
point_alert_ID0000100,None,compute,0,1694329105.0,,,1694329110.0,1694329113.0,1694329124.0,33010233.6,1694329111.0,1694329140.0,1694329129.0,1694329132.0,6735.0,1694329140.0,1694329145.0,5.0,,1.0,29.0,5.0,11.0,176658101.0,3.0,20638.0,poseidon,condorpool,poseidon-worker-2-container-20-23,point_alert,/opt/pointAlert/pointAlert,,0.0,0,0,,,,,,,,,
stage_out_local_condorpool_2_4,None,transfer,0,1694329105.0,,,1694329110.0,,,0.0,1694329111.0,1694329115.0,,,0.0,1694329115.0,1694329120.0,5.0,,1.0,4.0,5.0,,,,,poseidon,local,poseidon-submit,pegasus::transfer,/mnt/poseidon-data/poseidon/pegasus-5.1.0panorama/bin/pegasus-transfer,/home/poseidon/pegasus-5.1.0panorama/bin/../bin/pegasus-kickstart  -n pegasus::transfer -N null -i - -R local  -L casa-wind-full -T 2023-09-08T07:29:05+00:00 /home/poseidon/pegasus-5.1.0panorama/bin/../bin/pegasus-transfer  --threads 2,0.8,0,0,,,,,,,,,
point_alert_ID0000015,None,compute,0,1694329105.0,,,1694329110.0,1694329113.0,1694329124.0,29843525.0,1694329111.0,1694329140.0,1694329129.0,1694329132.0,6620.0,1694329140.0,1694329145.0,5.0,,1.0,29.0,5.0,11.0,176639974.0,3.0,20558.0,poseidon,condorpool,poseidon-worker-1-container-32-35,point_alert,/opt/pointAlert/pointAlert,,0.0,0,0,,,,,,,,,
point_alert_ID0000090,None,compute,0,1694329110.0,,,1694329115.0,1694329118.0,1694329129.0,34216525.8,1694329116.0,1694329145.0,1694329134.0,1694329137.0,6649.0,1694329145.0,1694329150.0,5.0,,1.0,29.0,5.0,11.0,176656458.0,3.0,20638.0,poseidon,condorpool,poseidon-worker-1-container-4-7,point_alert,/opt/pointAlert/pointAlert,,0.0,0,0,,,,,,,,,
point_alert_ID0000070,None,compute,0,1694329110.0,,,1694329115.0,1694329118.0,1694329129.0,34267508.2,1694329116.0,1694329145.0,1694329134.0,1694329137.0,6633.0,1694329145.0,1694329150.0,5.0,,1.0,29.0,5.0,11.0,176643292.0,3.0,20558.0,poseidon,condorpool,poseidon-worker-2-container-40-43,point_alert,/opt/pointAlert/pointAlert,,0.0,0,0,,,,,,,,,
stage_out_local_condorpool_2_0,None,transfer,0,1694329110.0,,,1694329115.0,,,0.0,1694329116.0,1694329120.0,,,0.0,1694329120.0,1694329125.0,5.0,,1.0,4.0,5.0,,,,,poseidon,local,poseidon-submit,pegasus::transfer,/mnt/poseidon-data/poseidon/pegasus-5.1.0panorama/bin/pegasus-transfer,/home/poseidon/pegasus-5.1.0panorama/bin/../bin/pegasus-kickstart  -n pegasus::transfer -N null -i - -R local  -L casa-wind-full -T 2023-09-08T07:29:05+00:00 /home/poseidon/pegasus-5.1.0panorama/bin/../bin/pegasus-transfer  --threads 2,0.9,0,0,,,,,,,,,
point_alert_ID0000030,None,compute,0,1694329110.0,,,1694329115.0,1694329118.0,1694329129.0,29564452.0,1694329116.0,1694329145.0,1694329134.0,1694329137.0,6494.0,1694329145.0,1694329150.0,5.0,,1.0,29.0,5.0,11.0,176646324.0,3.0,20158.0,poseidon,condorpool,poseidon-worker-1-container-40-43,point_alert,/opt/pointAlert/pointAlert,,0.0,0,0,,,,,,,,,
point_alert_ID0000045,None,compute,0,1694329110.0,,,1694329115.0,1694329118.0,1694329129.0,29580135.0,1694329116.0,1694329145.0,1694329134.0,1694329137.0,6742.0,1694329145.0,1694329150.0,5.0,,1.0,29.0,5.0,11.0,176636096.0,3.0,20798.0,poseidon,condorpool,poseidon-worker-1-container-40-43,point_alert,/opt/pointAlert/pointAlert,,0.0,0,0,,,,,,,,,
register_condorpool_2_4,None,auxiliary,0,1694329120.0,,,1694329125.0,,,0.0,1694329125.0,1694329130.0,,,0.0,1694329130.0,1694329135.0,5.0,,0.0,5.0,5.0,,,,,poseidon,local,poseidon-submit,pegasus::rc-client,/mnt/poseidon-data/poseidon/pegasus-5.1.0panorama/bin/pegasus-rc-client,"-n pegasus::rc-client -N null -R local  -L casa-wind-full -T 2023-09-08T07:29:05+00:00 /home/poseidon/pegasus-5.1.0panorama/bin/pegasus-rc-client --prefix pegasus.catalog.replica.output --conf /mnt/poseidon-data/poseidon/workflows/casa-wind-workflow-full/submit/poseidon/pegasus/casa-wind-full/run0103/pegasus.15774399519808434597.properties -v --meta /mnt/poseidon-data/poseidon/workflows/casa-wind-workflow-full/submit/poseidon/pegasus/casa-wind-full/run0103/00/02/post_vel_ID0000108.meta,/mnt/poseidon-data/poseidon/workflows/casa-wind-workflow-full/submit/poseidon/pegasus/casa-wind-full/run0103/00/01/post_vel_ID0000063.meta,/mnt/poseidon-data/poseidon/workflows/casa-wind-workflow-full/submit/poseidon/pegasus/casa-wind-full/run0103/00/01/post_vel_ID0000013.meta,/mnt/poseidon-data/poseidon/workflows/casa-wind-workflow-full/submit/poseidon/pegasus/casa-wind-full/run0103/00/02/mvt_ID0000054.meta,/mnt/poseidon-data/poseidon/workflows/casa-wind-workflow-full/submit/poseidon/pegasus/casa-wind-full/run0103/00/01/post_vel_ID0000033.meta,/mnt/poseidon-data/poseidon/workflows/casa-wind-workflow-full/submit/poseidon/pegasus/casa-wind-full/run0103/00/02/post_vel_ID0000113.meta,/mnt/poseidon-data/poseidon/workflows/casa-wind-workflow-full/submit/poseidon/pegasus/casa-wind-full/run0103/00/01/post_vel_ID0000003.meta,/mnt/poseidon-data/poseidon/workflows/casa-wind-workflow-full/submit/poseidon/pegasus/casa-wind-full/run0103/00/01/post_vel_ID0000118.meta --insert /mnt/poseidon-data/poseidon/workflows/casa-wind-workflow-full/submit/poseidon/pegasus/casa-wind-full/run0103/00/02/register_condorpool_2_4.in",2.8,0,0,,,,,,,,,
point_alert_ID0000085,None,compute,0,1694329120.0,,,1694329125.0,1694329127.0,1694329139.0,34842820.8,1694329126.0,1694329155.0,1694329144.0,1694329147.0,6844.0,1694329155.0,1694329160.0,5.0,,1.0,29.0,5.0,12.0,176655981.0,3.0,21118.0,poseidon,condorpool,poseidon-worker-2-container-0-3,point_alert,/opt/pointAlert/pointAlert,,0.0,0,0,,,,,,,,,
point_alert_ID0000115,None,compute,0,1694329120.0,,,1694329125.0,1694329127.0,1694329138.0,29889496.5,1694329126.0,1694329155.0,1694329144.0,1694329147.0,7034.0,1694329155.0,1694329160.0,5.0,,1.0,29.0,5.0,11.0,176681217.0,3.0,21598.0,poseidon,condorpool,poseidon-worker-2-container-20-23,point_alert,/opt/pointAlert/pointAlert,,0.0,0,0,,,,,,,,,
stage_out_local_condorpool_2_5,None,transfer,0,1694329125.0,,,1694329130.0,,,0.0,1694329130.0,1694329135.0,,,0.0,1694329135.0,1694329140.0,5.0,,0.0,5.0,5.0,,,,,poseidon,local,poseidon-submit,pegasus::transfer,/mnt/poseidon-data/poseidon/pegasus-5.1.0panorama/bin/pegasus-transfer,/home/poseidon/pegasus-5.1.0panorama/bin/../bin/pegasus-kickstart  -n pegasus::transfer -N null -i - -R local  -L casa-wind-full -T 2023-09-08T07:29:05+00:00 /home/poseidon/pegasus-5.1.0panorama/bin/../bin/pegasus-transfer  --threads 2,0.9,0,0,,,,,,,,,
stage_out_local_condorpool_2_3,None,transfer,0,1694329125.0,,,1694329130.0,,,0.0,1694329130.0,1694329135.0,,,0.0,1694329135.0,1694329140.0,5.0,,0.0,5.0,5.0,,,,,poseidon,local,poseidon-submit,pegasus::transfer,/mnt/poseidon-data/poseidon/pegasus-5.1.0panorama/bin/pegasus-transfer,/home/poseidon/pegasus-5.1.0panorama/bin/../bin/pegasus-kickstart  -n pegasus::transfer -N null -i - -R local  -L casa-wind-full -T 2023-09-08T07:29:05+00:00 /home/poseidon/pegasus-5.1.0panorama/bin/../bin/pegasus-transfer  --threads 2,1.0,0,0,,,,,,,,,
point_alert_ID0000010,None,compute,0,1694329125.0,,,1694329130.0,1694329133.0,1694329145.0,29593874.8,1694329131.0,1694329160.0,1694329150.0,1694329153.0,6612.0,1694329160.0,1694329165.0,5.0,,1.0,29.0,5.0,12.0,176643412.0,3.0,20478.0,poseidon,condorpool,poseidon-worker-1-container-44-47,point_alert,/opt/pointAlert/pointAlert,,0.0,0,0,,,,,,,,,
register_condorpool_2_0,None,auxiliary,0,1694329125.0,,,1694329135.0,,,0.0,1694329136.0,1694329140.0,,,0.0,1694329140.0,1694329145.0,10.0,,1.0,4.0,5.0,,,,,poseidon,local,poseidon-submit,pegasus::rc-client,/mnt/poseidon-data/poseidon/pegasus-5.1.0panorama/bin/pegasus-rc-client,"-n pegasus::rc-client -N null -R local  -L casa-wind-full -T 2023-09-08T07:29:05+00:00 /home/poseidon/pegasus-5.1.0panorama/bin/pegasus-rc-client --prefix pegasus.catalog.replica.output --conf /mnt/poseidon-data/poseidon/workflows/casa-wind-workflow-full/submit/poseidon/pegasus/casa-wind-full/run0103/pegasus.15774399519808434597.properties -v --meta /mnt/poseidon-data/poseidon/workflows/casa-wind-workflow-full/submit/poseidon/pegasus/casa-wind-full/run0103/00/01/post_vel_ID0000023.meta,/mnt/poseidon-data/poseidon/workflows/casa-wind-workflow-full/submit/poseidon/pegasus/casa-wind-full/run0103/00/01/post_vel_ID0000093.meta,/mnt/poseidon-data/poseidon/workflows/casa-wind-workflow-full/submit/poseidon/pegasus/casa-wind-full/run0103/00/01/mvt_ID0000129.meta,/mnt/poseidon-data/poseidon/workflows/casa-wind-workflow-full/submit/poseidon/pegasus/casa-wind-full/run0103/00/02/mvt_ID0000044.meta,/mnt/poseidon-data/poseidon/workflows/casa-wind-workflow-full/submit/poseidon/pegasus/casa-wind-full/run0103/00/02/post_vel_ID0000058.meta,/mnt/poseidon-data/poseidon/workflows/casa-wind-workflow-full/submit/poseidon/pegasus/casa-wind-full/run0103/00/01/post_vel_ID0000068.meta,/mnt/poseidon-data/poseidon/workflows/casa-wind-workflow-full/submit/poseidon/pegasus/casa-wind-full/run0103/00/01/post_vel_ID0000123.meta,/mnt/poseidon-data/poseidon/workflows/casa-wind-workflow-full/submit/poseidon/pegasus/casa-wind-full/run0103/00/02/post_vel_ID0000078.meta,/mnt/poseidon-data/poseidon/workflows/casa-wind-workflow-full/submit/poseidon/pegasus/casa-wind-full/run0103/00/01/mvt_ID0000029.meta --insert /mnt/poseidon-data/poseidon/workflows/casa-wind-workflow-full/submit/poseidon/pegasus/casa-wind-full/run0103/00/02/register_condorpool_2_0.in",2.7,0,0,,,,,,,,,
point_alert_ID0000105,None,compute,0,1694329125.0,,,1694329130.0,1694329135.0,1694329146.0,29510405.5,1694329133.0,1694329160.0,1694329151.0,1694329154.0,6920.0,1694329160.0,1694329165.0,5.0,,3.0,27.0,5.0,11.0,176667573.0,3.0,21278.0,poseidon,condorpool,poseidon-worker-2-container-4-7,point_alert,/opt/pointAlert/pointAlert,,0.0,0,0,,,,,,,,,
point_alert_ID0000065,None,compute,0,1694329125.0,,,1694329130.0,1694329133.0,1694329144.0,35005363.0,1694329131.0,1694329160.0,1694329149.0,1694329152.0,6477.0,1694329160.0,1694329165.0,5.0,,1.0,29.0,5.0,11.0,176639131.0,3.0,20238.0,poseidon,condorpool,poseidon-worker-2-container-36-39,point_alert,/opt/pointAlert/pointAlert,,0.0,0,0,,,,,,,,,
point_alert_ID0000035,None,compute,0,1694329125.0,,,1694329130.0,1694329133.0,1694329145.0,29306187.3,1694329131.0,1694329160.0,1694329150.0,1694329153.0,6559.0,1694329160.0,1694329165.0,5.0,,1.0,29.0,5.0,12.0,176638959.0,3.0,20078.0,poseidon,condorpool,poseidon-worker-2-container-16-19,point_alert,/opt/pointAlert/pointAlert,,0.0,0,0,,,,,,,,,
point_alert_ID0000080,None,compute,0,1694329125.0,,,1694329130.0,1694329133.0,1694329144.0,35276545.8,1694329131.0,1694329160.0,1694329149.0,1694329152.0,6629.0,1694329160.0,1694329165.0,5.0,,1.0,29.0,5.0,11.0,176653320.0,3.0,20718.0,poseidon,condorpool,poseidon-worker-2-container-28-31,point_alert,/opt/pointAlert/pointAlert,,0.0,0,0,,,,,,,,,
point_alert_ID0000060,None,compute,0,1694329125.0,,,1694329130.0,1694329133.0,1694329144.0,32389123.4,1694329131.0,1694329160.0,1694329149.0,1694329152.0,6638.0,1694329160.0,1694329165.0,5.0,,1.0,29.0,5.0,11.0,176636147.0,3.0,20878.0,poseidon,condorpool,poseidon-worker-2-container-44-47,point_alert,/opt/pointAlert/pointAlert,,0.0,0,0,,,,,,,,,
point_alert_ID0000075,None,compute,0,1694329125.0,,,1694329130.0,1694329133.0,1694329144.0,29519931.0,1694329131.0,1694329160.0,1694329149.0,1694329152.0,6622.0,1694329160.0,1694329165.0,5.0,,1.0,29.0,5.0,11.0,176646838.0,3.0,20558.0,poseidon,condorpool,poseidon-worker-1-container-0-3,point_alert,/opt/pointAlert/pointAlert,,0.0,0,0,,,,,,,,,
point_alert_ID0000095,None,compute,0,1694329125.0,,,1694329130.0,1694329133.0,1694329144.0,34510619.8,1694329131.0,1694329160.0,1694329149.0,1694329152.0,6644.0,1694329160.0,1694329165.0,5.0,,1.0,29.0,5.0,11.0,176660390.0,3.0,20718.0,poseidon,condorpool,poseidon-worker-1-container-44-47,point_alert,/opt/pointAlert/pointAlert,,0.0,0,0,,,,,,,,,
point_alert_ID0000025,None,compute,0,1694329125.0,,,1694329130.0,1694329133.0,1694329144.0,29536732.5,1694329131.0,1694329160.0,1694329149.0,1694329152.0,6455.0,1694329160.0,1694329165.0,5.0,,1.0,29.0,5.0,11.0,176638688.0,3.0,20078.0,poseidon,condorpool,poseidon-worker-1-container-12-15,point_alert,/opt/pointAlert/pointAlert,,0.0,0,0,,,,,,,,,
point_alert_ID0000125,None,compute,0,1694329125.0,,,1694329130.0,1694329133.0,1694329144.0,34777975.2,1694329131.0,1694329160.0,1694329149.0,1694329152.0,7352.0,1694329160.0,1694329165.0,5.0,,1.0,29.0,5.0,11.0,176678547.0,3.0,22878.0,poseidon,condorpool,poseidon-worker-1-container-16-19,point_alert,/opt/pointAlert/pointAlert,,0.0,0,0,,,,,,,,,
point_alert_ID0000005,None,compute,0,1694329125.0,,,1694329130.0,1694329133.0,1694329144.0,34981053.6,1694329131.0,1694329160.0,1694329149.0,1694329152.0,6482.0,1694329160.0,1694329165.0,5.0,,1.0,29.0,5.0,11.0,176636764.0,3.0,20398.0,poseidon,condorpool,poseidon-worker-1-container-24-27,point_alert,/opt/pointAlert/pointAlert,,0.0,0,0,,,,,,,,,
stage_out_local_condorpool_2_1,None,transfer,0,1694329125.0,,,1694329130.0,,,0.0,1694329130.0,1694329135.0,,,0.0,1694329135.0,1694329140.0,5.0,,0.0,5.0,5.0,,,,,poseidon,local,poseidon-submit,pegasus::transfer,/mnt/poseidon-data/poseidon/pegasus-5.1.0panorama/bin/pegasus-transfer,/home/poseidon/pegasus-5.1.0panorama/bin/../bin/pegasus-kickstart  -n pegasus::transfer -N null -i - -R local  -L casa-wind-full -T 2023-09-08T07:29:05+00:00 /home/poseidon/pegasus-5.1.0panorama/bin/../bin/pegasus-transfer  --threads 2,1.0,0,0,,,,,,,,,
point_alert_ID0000020,None,compute,0,1694329135.0,,,1694329140.0,1694329143.0,1694329154.0,29607177.5,1694329142.0,1694329170.0,1694329159.0,1694329162.0,6679.0,1694329170.0,1694329175.0,5.0,,2.0,28.0,5.0,11.0,176644228.0,3.0,20478.0,poseidon,condorpool,poseidon-worker-1-container-0-3,point_alert,/opt/pointAlert/pointAlert,,0.0,0,0,,,,,,,,,
stage_out_local_condorpool_2_2,None,transfer,0,1694329135.0,,,1694329140.0,,,0.0,1694329141.0,1694329150.0,,,0.0,1694329150.0,1694329155.0,5.0,,1.0,9.0,5.0,,,,,poseidon,local,poseidon-submit,pegasus::transfer,/mnt/poseidon-data/poseidon/pegasus-5.1.0panorama/bin/pegasus-transfer,/home/poseidon/pegasus-5.1.0panorama/bin/../bin/pegasus-kickstart  -n pegasus::transfer -N null -i - -R local  -L casa-wind-full -T 2023-09-08T07:29:05+00:00 /home/poseidon/pegasus-5.1.0panorama/bin/../bin/pegasus-transfer  --threads 2,0.9,0,0,,,,,,,,,
register_condorpool_2_1,None,auxiliary,0,1694329140.0,,,1694329145.0,,,0.0,1694329146.0,1694329150.0,,,0.0,1694329150.0,1694329155.0,5.0,,1.0,4.0,5.0,,,,,poseidon,local,poseidon-submit,pegasus::rc-client,/mnt/poseidon-data/poseidon/pegasus-5.1.0panorama/bin/pegasus-rc-client,"-n pegasus::rc-client -N null -R local  -L casa-wind-full -T 2023-09-08T07:29:05+00:00 /home/poseidon/pegasus-5.1.0panorama/bin/pegasus-rc-client --prefix pegasus.catalog.replica.output --conf /mnt/poseidon-data/poseidon/workflows/casa-wind-workflow-full/submit/poseidon/pegasus/casa-wind-full/run0103/pegasus.15774399519808434597.properties -v --meta /mnt/poseidon-data/poseidon/workflows/casa-wind-workflow-full/submit/poseidon/pegasus/casa-wind-full/run0103/00/01/post_vel_ID0000028.meta,/mnt/poseidon-data/poseidon/workflows/casa-wind-workflow-full/submit/poseidon/pegasus/casa-wind-full/run0103/00/02/post_vel_ID0000043.meta,/mnt/poseidon-data/poseidon/workflows/casa-wind-workflow-full/submit/poseidon/pegasus/casa-wind-full/run0103/00/01/post_vel_ID0000128.meta,/mnt/poseidon-data/poseidon/workflows/casa-wind-workflow-full/submit/poseidon/pegasus/casa-wind-full/run0103/00/01/mvt_ID0000094.meta,/mnt/poseidon-data/poseidon/workflows/casa-wind-workflow-full/submit/poseidon/pegasus/casa-wind-full/run0103/00/01/mvt_ID0000069.meta,/mnt/poseidon-data/poseidon/workflows/casa-wind-workflow-full/submit/poseidon/pegasus/casa-wind-full/run0103/00/02/mvt_ID0000059.meta,/mnt/poseidon-data/poseidon/workflows/casa-wind-workflow-full/submit/poseidon/pegasus/casa-wind-full/run0103/00/01/mvt_ID0000124.meta,/mnt/poseidon-data/poseidon/workflows/casa-wind-workflow-full/submit/poseidon/pegasus/casa-wind-full/run0103/00/01/mvt_ID0000024.meta,/mnt/poseidon-data/poseidon/workflows/casa-wind-workflow-full/submit/poseidon/pegasus/casa-wind-full/run0103/00/02/mvt_ID0000079.meta --insert /mnt/poseidon-data/poseidon/workflows/casa-wind-workflow-full/submit/poseidon/pegasus/casa-wind-full/run0103/00/02/register_condorpool_2_1.in",2.8,0,0,,,,,,,,,
register_condorpool_2_3,None,auxiliary,0,1694329140.0,,,1694329175.0,,,0.0,1694329175.0,1694329180.0,,,0.0,1694329180.0,1694329185.0,35.0,,0.0,5.0,5.0,,,,,poseidon,local,poseidon-submit,pegasus::rc-client,/mnt/poseidon-data/poseidon/pegasus-5.1.0panorama/bin/pegasus-rc-client,"-n pegasus::rc-client -N null -R local  -L casa-wind-full -T 2023-09-08T07:29:05+00:00 /home/poseidon/pegasus-5.1.0panorama/bin/pegasus-rc-client --prefix pegasus.catalog.replica.output --conf /mnt/poseidon-data/poseidon/workflows/casa-wind-workflow-full/submit/poseidon/pegasus/casa-wind-full/run0103/pegasus.15774399519808434597.properties -v --meta /mnt/poseidon-data/poseidon/workflows/casa-wind-workflow-full/submit/poseidon/pegasus/casa-wind-full/run0103/00/01/mvt_ID0000084.meta,/mnt/poseidon-data/poseidon/workflows/casa-wind-workflow-full/submit/poseidon/pegasus/casa-wind-full/run0103/00/02/post_vel_ID0000103.meta,/mnt/poseidon-data/poseidon/workflows/casa-wind-workflow-full/submit/poseidon/pegasus/casa-wind-full/run0103/00/01/post_vel_ID0000098.meta,/mnt/poseidon-data/poseidon/workflows/casa-wind-workflow-full/submit/poseidon/pegasus/casa-wind-full/run0103/00/02/post_vel_ID0000048.meta,/mnt/poseidon-data/poseidon/workflows/casa-wind-workflow-full/submit/poseidon/pegasus/casa-wind-full/run0103/00/01/mvt_ID0000009.meta,/mnt/poseidon-data/poseidon/workflows/casa-wind-workflow-full/submit/poseidon/pegasus/casa-wind-full/run0103/00/01/post_vel_ID0000018.meta,/mnt/poseidon-data/poseidon/workflows/casa-wind-workflow-full/submit/poseidon/pegasus/casa-wind-full/run0103/00/01/mvt_ID0000089.meta,/mnt/poseidon-data/poseidon/workflows/casa-wind-workflow-full/submit/poseidon/pegasus/casa-wind-full/run0103/00/02/mvt_ID0000074.meta,/mnt/poseidon-data/poseidon/workflows/casa-wind-workflow-full/submit/poseidon/pegasus/casa-wind-full/run0103/00/02/post_vel_ID0000038.meta --insert /mnt/poseidon-data/poseidon/workflows/casa-wind-workflow-full/submit/poseidon/pegasus/casa-wind-full/run0103/00/02/register_condorpool_2_3.in",2.7,0,0,,,,,,,,,
register_condorpool_2_5,None,auxiliary,0,1694329140.0,,,1694329155.0,,,0.0,1694329156.0,1694329160.0,,,0.0,1694329160.0,1694329165.0,15.0,,1.0,4.0,5.0,,,,,poseidon,local,poseidon-submit,pegasus::rc-client,/mnt/poseidon-data/poseidon/pegasus-5.1.0panorama/bin/pegasus-rc-client,"-n pegasus::rc-client -N null -R local  -L casa-wind-full -T 2023-09-08T07:29:05+00:00 /home/poseidon/pegasus-5.1.0panorama/bin/pegasus-rc-client --prefix pegasus.catalog.replica.output --conf /mnt/poseidon-data/poseidon/workflows/casa-wind-workflow-full/submit/poseidon/pegasus/casa-wind-full/run0103/pegasus.15774399519808434597.properties -v --meta /mnt/poseidon-data/poseidon/workflows/casa-wind-workflow-full/submit/poseidon/pegasus/casa-wind-full/run0103/00/01/mvt_ID0000004.meta,/mnt/poseidon-data/poseidon/workflows/casa-wind-workflow-full/submit/poseidon/pegasus/casa-wind-full/run0103/00/01/mvt_ID0000119.meta,/mnt/poseidon-data/poseidon/workflows/casa-wind-workflow-full/submit/poseidon/pegasus/casa-wind-full/run0103/00/02/post_vel_ID0000053.meta,/mnt/poseidon-data/poseidon/workflows/casa-wind-workflow-full/submit/poseidon/pegasus/casa-wind-full/run0103/00/02/mvt_ID0000114.meta,/mnt/poseidon-data/poseidon/workflows/casa-wind-workflow-full/submit/poseidon/pegasus/casa-wind-full/run0103/00/01/mvt_ID0000034.meta,/mnt/poseidon-data/poseidon/workflows/casa-wind-workflow-full/submit/poseidon/pegasus/casa-wind-full/run0103/00/01/mvt_ID0000014.meta,/mnt/poseidon-data/poseidon/workflows/casa-wind-workflow-full/submit/poseidon/pegasus/casa-wind-full/run0103/00/02/mvt_ID0000109.meta,/mnt/poseidon-data/poseidon/workflows/casa-wind-workflow-full/submit/poseidon/pegasus/casa-wind-full/run0103/00/01/mvt_ID0000064.meta --insert /mnt/poseidon-data/poseidon/workflows/casa-wind-workflow-full/submit/poseidon/pegasus/casa-wind-full/run0103/00/02/register_condorpool_2_5.in",2.7,0,0,,,,,,,,,
register_condorpool_2_2,None,auxiliary,0,1694329155.0,,,1694329165.0,,,0.0,1694329165.0,1694329170.0,,,0.0,1694329170.0,1694329175.0,10.0,,0.0,5.0,5.0,,,,,poseidon,local,poseidon-submit,pegasus::rc-client,/mnt/poseidon-data/poseidon/pegasus-5.1.0panorama/bin/pegasus-rc-client,"-n pegasus::rc-client -N null -R local  -L casa-wind-full -T 2023-09-08T07:29:05+00:00 /home/poseidon/pegasus-5.1.0panorama/bin/pegasus-rc-client --prefix pegasus.catalog.replica.output --conf /mnt/poseidon-data/poseidon/workflows/casa-wind-workflow-full/submit/poseidon/pegasus/casa-wind-full/run0103/pegasus.15774399519808434597.properties -v --meta /mnt/poseidon-data/poseidon/workflows/casa-wind-workflow-full/submit/poseidon/pegasus/casa-wind-full/run0103/00/02/post_vel_ID0000073.meta,/mnt/poseidon-data/poseidon/workflows/casa-wind-workflow-full/submit/poseidon/pegasus/casa-wind-full/run0103/00/02/mvt_ID0000039.meta,/mnt/poseidon-data/poseidon/workflows/casa-wind-workflow-full/submit/poseidon/pegasus/casa-wind-full/run0103/00/01/mvt_ID0000099.meta,/mnt/poseidon-data/poseidon/workflows/casa-wind-workflow-full/submit/poseidon/pegasus/casa-wind-full/run0103/00/01/post_vel_ID0000008.meta,/mnt/poseidon-data/poseidon/workflows/casa-wind-workflow-full/submit/poseidon/pegasus/casa-wind-full/run0103/00/02/mvt_ID0000049.meta,/mnt/poseidon-data/poseidon/workflows/casa-wind-workflow-full/submit/poseidon/pegasus/casa-wind-full/run0103/00/01/mvt_ID0000019.meta,/mnt/poseidon-data/poseidon/workflows/casa-wind-workflow-full/submit/poseidon/pegasus/casa-wind-full/run0103/00/02/mvt_ID0000104.meta,/mnt/poseidon-data/poseidon/workflows/casa-wind-workflow-full/submit/poseidon/pegasus/casa-wind-full/run0103/00/01/post_vel_ID0000083.meta,/mnt/poseidon-data/poseidon/workflows/casa-wind-workflow-full/submit/poseidon/pegasus/casa-wind-full/run0103/00/01/post_vel_ID0000088.meta --insert /mnt/poseidon-data/poseidon/workflows/casa-wind-workflow-full/submit/poseidon/pegasus/casa-wind-full/run0103/00/02/register_condorpool_2_2.in",2.7,0,0,,,,,,,,,
stage_out_local_condorpool_3_0,None,transfer,0,1694329165.0,,,1694329170.0,,,0.0,1694329170.0,1694329175.0,,,0.0,1694329175.0,1694329180.0,5.0,,0.0,5.0,5.0,,,,,poseidon,local,poseidon-submit,pegasus::transfer,/mnt/poseidon-data/poseidon/pegasus-5.1.0panorama/bin/pegasus-transfer,/home/poseidon/pegasus-5.1.0panorama/bin/../bin/pegasus-kickstart  -n pegasus::transfer -N null -i - -R local  -L casa-wind-full -T 2023-09-08T07:29:05+00:00 /home/poseidon/pegasus-5.1.0panorama/bin/../bin/pegasus-transfer  --threads 2,0.9,0,0,,,,,,,,,
stage_out_local_condorpool_3_2,None,transfer,0,1694329165.0,,,1694329170.0,,,0.0,1694329170.0,1694329175.0,,,0.0,1694329175.0,1694329180.0,5.0,,0.0,5.0,5.0,,,,,poseidon,local,poseidon-submit,pegasus::transfer,/mnt/poseidon-data/poseidon/pegasus-5.1.0panorama/bin/pegasus-transfer,/home/poseidon/pegasus-5.1.0panorama/bin/../bin/pegasus-kickstart  -n pegasus::transfer -N null -i - -R local  -L casa-wind-full -T 2023-09-08T07:29:05+00:00 /home/poseidon/pegasus-5.1.0panorama/bin/../bin/pegasus-transfer  --threads 2,0.8,0,0,,,,,,,,,
stage_out_local_condorpool_3_1,None,transfer,0,1694329175.0,,,1694329180.0,,,0.0,1694329181.0,1694329185.0,,,0.0,1694329185.0,1694329190.0,5.0,,1.0,4.0,5.0,,,,,poseidon,local,poseidon-submit,pegasus::transfer,/mnt/poseidon-data/poseidon/pegasus-5.1.0panorama/bin/pegasus-transfer,/home/poseidon/pegasus-5.1.0panorama/bin/../bin/pegasus-kickstart  -n pegasus::transfer -N null -i - -R local  -L casa-wind-full -T 2023-09-08T07:29:05+00:00 /home/poseidon/pegasus-5.1.0panorama/bin/../bin/pegasus-transfer  --threads 2,1.0,0,0,,,,,,,,,
register_condorpool_3_0,None,auxiliary,0,1694329180.0,,,1694329195.0,,,0.0,1694329195.0,1694329200.0,,,0.0,1694329200.0,1694329205.0,15.0,,0.0,5.0,5.0,,,,,poseidon,local,poseidon-submit,pegasus::rc-client,/mnt/poseidon-data/poseidon/pegasus-5.1.0panorama/bin/pegasus-rc-client,"-n pegasus::rc-client -N null -R local  -L casa-wind-full -T 2023-09-08T07:29:05+00:00 /home/poseidon/pegasus-5.1.0panorama/bin/pegasus-rc-client --prefix pegasus.catalog.replica.output --conf /mnt/poseidon-data/poseidon/workflows/casa-wind-workflow-full/submit/poseidon/pegasus/casa-wind-full/run0103/pegasus.15774399519808434597.properties -v --meta /mnt/poseidon-data/poseidon/workflows/casa-wind-workflow-full/submit/poseidon/pegasus/casa-wind-full/run0103/00/02/point_alert_ID0000125.meta,/mnt/poseidon-data/poseidon/workflows/casa-wind-workflow-full/submit/poseidon/pegasus/casa-wind-full/run0103/00/02/point_alert_ID0000095.meta,/mnt/poseidon-data/poseidon/workflows/casa-wind-workflow-full/submit/poseidon/pegasus/casa-wind-full/run0103/00/03/point_alert_ID0000060.meta,/mnt/poseidon-data/poseidon/workflows/casa-wind-workflow-full/submit/poseidon/pegasus/casa-wind-full/run0103/00/02/point_alert_ID0000030.meta,/mnt/poseidon-data/poseidon/workflows/casa-wind-workflow-full/submit/poseidon/pegasus/casa-wind-full/run0103/00/02/point_alert_ID0000025.meta,/mnt/poseidon-data/poseidon/workflows/casa-wind-workflow-full/submit/poseidon/pegasus/casa-wind-full/run0103/00/03/point_alert_ID0000045.meta,/mnt/poseidon-data/poseidon/workflows/casa-wind-workflow-full/submit/poseidon/pegasus/casa-wind-full/run0103/00/02/point_alert_ID0000130.meta,/mnt/poseidon-data/poseidon/workflows/casa-wind-workflow-full/submit/poseidon/pegasus/casa-wind-full/run0103/00/02/point_alert_ID0000070.meta,/mnt/poseidon-data/poseidon/workflows/casa-wind-workflow-full/submit/poseidon/pegasus/casa-wind-full/run0103/00/02/point_alert_ID0000080.meta --insert /mnt/poseidon-data/poseidon/workflows/casa-wind-workflow-full/submit/poseidon/pegasus/casa-wind-full/run0103/00/03/register_condorpool_3_0.in",2.7,0,0,,,,,,,,,
register_condorpool_3_2,None,auxiliary,0,1694329180.0,,,1694329185.0,,,0.0,1694329186.0,1694329190.0,,,0.0,1694329190.0,1694329195.0,5.0,,1.0,4.0,5.0,,,,,poseidon,local,poseidon-submit,pegasus::rc-client,/mnt/poseidon-data/poseidon/pegasus-5.1.0panorama/bin/pegasus-rc-client,"-n pegasus::rc-client -N null -R local  -L casa-wind-full -T 2023-09-08T07:29:05+00:00 /home/poseidon/pegasus-5.1.0panorama/bin/pegasus-rc-client --prefix pegasus.catalog.replica.output --conf /mnt/poseidon-data/poseidon/workflows/casa-wind-workflow-full/submit/poseidon/pegasus/casa-wind-full/run0103/pegasus.15774399519808434597.properties -v --meta /mnt/poseidon-data/poseidon/workflows/casa-wind-workflow-full/submit/poseidon/pegasus/casa-wind-full/run0103/00/03/point_alert_ID0000110.meta,/mnt/poseidon-data/poseidon/workflows/casa-wind-workflow-full/submit/poseidon/pegasus/casa-wind-full/run0103/00/03/point_alert_ID0000055.meta,/mnt/poseidon-data/poseidon/workflows/casa-wind-workflow-full/submit/poseidon/pegasus/casa-wind-full/run0103/00/02/point_alert_ID0000115.meta,/mnt/poseidon-data/poseidon/workflows/casa-wind-workflow-full/submit/poseidon/pegasus/casa-wind-full/run0103/00/02/point_alert_ID0000120.meta,/mnt/poseidon-data/poseidon/workflows/casa-wind-workflow-full/submit/poseidon/pegasus/casa-wind-full/run0103/00/02/point_alert_ID0000035.meta,/mnt/poseidon-data/poseidon/workflows/casa-wind-workflow-full/submit/poseidon/pegasus/casa-wind-full/run0103/00/02/point_alert_ID0000015.meta,/mnt/poseidon-data/poseidon/workflows/casa-wind-workflow-full/submit/poseidon/pegasus/casa-wind-full/run0103/00/02/point_alert_ID0000065.meta,/mnt/poseidon-data/poseidon/workflows/casa-wind-workflow-full/submit/poseidon/pegasus/casa-wind-full/run0103/00/02/point_alert_ID0000005.meta --insert /mnt/poseidon-data/poseidon/workflows/casa-wind-workflow-full/submit/poseidon/pegasus/casa-wind-full/run0103/00/03/register_condorpool_3_2.in",2.9,0,0,,,,,,,,,
cleanup_casa-wind-full_0_condorpool,None,auxiliary,0,1694329190.0,,,1694329195.0,,,0.0,1694329195.0,1694329200.0,,,0.0,1694329200.0,1694329205.0,5.0,,0.0,5.0,5.0,,,,,poseidon,local,poseidon-submit,pegasus::cleanup,/mnt/poseidon-data/poseidon/pegasus-5.1.0panorama/bin/pegasus-transfer,pegasus-kickstart  -n pegasus::cleanup -N null -i - -R local  -L casa-wind-full -T 2023-09-08T07:29:05+00:00 pegasus-transfer,0.2,0,0,,,,,,,,,
register_condorpool_3_1,None,auxiliary,0,1694329190.0,,,1694329205.0,,,0.0,1694329205.0,1694329210.0,,,0.0,1694329210.0,1694329215.0,15.0,,0.0,5.0,5.0,,,,,poseidon,local,poseidon-submit,pegasus::rc-client,/mnt/poseidon-data/poseidon/pegasus-5.1.0panorama/bin/pegasus-rc-client,"-n pegasus::rc-client -N null -R local  -L casa-wind-full -T 2023-09-08T07:29:05+00:00 /home/poseidon/pegasus-5.1.0panorama/bin/pegasus-rc-client --prefix pegasus.catalog.replica.output --conf /mnt/poseidon-data/poseidon/workflows/casa-wind-workflow-full/submit/poseidon/pegasus/casa-wind-full/run0103/pegasus.15774399519808434597.properties -v --meta /mnt/poseidon-data/poseidon/workflows/casa-wind-workflow-full/submit/poseidon/pegasus/casa-wind-full/run0103/00/02/point_alert_ID0000010.meta,/mnt/poseidon-data/poseidon/workflows/casa-wind-workflow-full/submit/poseidon/pegasus/casa-wind-full/run0103/00/02/point_alert_ID0000090.meta,/mnt/poseidon-data/poseidon/workflows/casa-wind-workflow-full/submit/poseidon/pegasus/casa-wind-full/run0103/00/02/point_alert_ID0000085.meta,/mnt/poseidon-data/poseidon/workflows/casa-wind-workflow-full/submit/poseidon/pegasus/casa-wind-full/run0103/00/02/point_alert_ID0000075.meta,/mnt/poseidon-data/poseidon/workflows/casa-wind-workflow-full/submit/poseidon/pegasus/casa-wind-full/run0103/00/02/point_alert_ID0000100.meta,/mnt/poseidon-data/poseidon/workflows/casa-wind-workflow-full/submit/poseidon/pegasus/casa-wind-full/run0103/00/03/point_alert_ID0000040.meta,/mnt/poseidon-data/poseidon/workflows/casa-wind-workflow-full/submit/poseidon/pegasus/casa-wind-full/run0103/00/02/point_alert_ID0000020.meta,/mnt/poseidon-data/poseidon/workflows/casa-wind-workflow-full/submit/poseidon/pegasus/casa-wind-full/run0103/00/03/point_alert_ID0000050.meta,/mnt/poseidon-data/poseidon/workflows/casa-wind-workflow-full/submit/poseidon/pegasus/casa-wind-full/run0103/00/03/point_alert_ID0000105.meta --insert /mnt/poseidon-data/poseidon/workflows/casa-wind-workflow-full/submit/poseidon/pegasus/casa-wind-full/run0103/00/03/register_condorpool_3_1.in",2.8,0,0,,,,,,,,,
