,anomaly_type,type,is_clustered,ready,pre_script_start,pre_script_end,submit,stage_in_start,stage_in_end,stage_in_effective_bytes_per_sec,execute_start,execute_end,stage_out_start,stage_out_end,stage_out_effective_bytes_per_sec,post_script_start,post_script_end,wms_delay,pre_script_delay,queue_delay,runtime,post_script_delay,stage_in_delay,stage_in_bytes,stage_out_delay,stage_out_bytes,kickstart_user,kickstart_site,kickstart_hostname,kickstart_transformations,kickstart_executables,kickstart_executables_argv,kickstart_executables_cpu_time,kickstart_status,kickstart_executables_exitcode,kickstart_online_iowait,kickstart_online_bytes_read,kickstart_online_bytes_written,kickstart_online_read_system_calls,kickstart_online_write_system_calls,kickstart_online_utime,kickstart_online_stime,kickstart_online_bytes_read_per_second,kickstart_online_bytes_written_per_second
create_dir_casa-wind-full_0_condorpool,None,auxiliary,0,1694501311.0,,,1694501312.0,,,0.0,1694501315.0,1694501322.0,,,0.0,1694501322.0,1694501327.0,1.0,,3.0,7.0,5.0,,,,,poseidon,local,poseidon-submit,pegasus::dirmanager,/mnt/poseidon-data/poseidon/pegasus-5.1.0panorama/bin/pegasus-transfer,pegasus-kickstart  -n pegasus::dirmanager -N null -i - -R local  -L casa-wind-full -T 2023-09-08T07:29:05+00:00 pegasus-transfer,0.2,0,0,,,,,,,,,
unzip_ID0000006,None,compute,0,1694501327.0,,,1694501332.0,1694501358.0,1694501366.0,26999395.0,1694501356.0,1694501407.0,1694501381.0,1694501399.0,26501834.0,1694501407.0,1694501412.0,5.0,,24.0,51.0,5.0,8.0,222753803.0,18.0,501616588.0,poseidon,condorpool,poseidon-worker-1-container-20-23,unzip,/usr/bin/gunzip,,3.9,0,0,,,,,,,,,
unzip_ID0000106,None,compute,0,1694501327.0,,,1694501332.0,1694501358.0,1694501367.0,26216972.0,1694501356.0,1694501412.0,1694501381.0,1694501403.0,23072708.0,1694501412.0,1694501417.0,5.0,,24.0,56.0,5.0,9.0,241199298.0,22.0,501821816.0,poseidon,condorpool,poseidon-worker-1-container-44-47,unzip,/usr/bin/gunzip,,4.1,0,0,,,,,,,,,
unzip_ID0000046,cpu_3,compute,0,1694501327.0,,,1694501332.0,1694501353.0,1694501360.0,35190289.0,1694501351.0,1694501387.0,1694501372.0,1694501381.0,61479292.0,1694501387.0,1694501392.0,5.0,,19.0,36.0,5.0,7.0,229692821.0,9.0,523855228.0,poseidon,condorpool,poseidon-worker-2-container-0-3,unzip,/usr/bin/gunzip,,3.9,0,0,,,,,,,,,
unzip_ID0000101,None,compute,0,1694501327.0,,,1694501332.0,1694501353.0,1694501363.0,26489271.0,1694501352.0,1694501397.0,1694501376.0,1694501389.0,43281841.0,1694501397.0,1694501402.0,5.0,,20.0,45.0,5.0,10.0,250988249.0,13.0,561551644.0,poseidon,condorpool,poseidon-worker-2-container-20-23,unzip,/usr/bin/gunzip,,4.3,0,0,,,,,,,,,
unzip_ID0000026,cpu_3,compute,0,1694501327.0,,,1694501332.0,1694501353.0,1694501365.0,19755913.0,1694501352.0,1694501402.0,1694501378.0,1694501396.0,28534079.0,1694501402.0,1694501407.0,5.0,,20.0,50.0,5.0,12.0,227963832.0,18.0,523917888.0,poseidon,condorpool,poseidon-worker-2-container-4-7,unzip,/usr/bin/gunzip,,4.0,0,0,,,,,,,,,
unzip_ID0000126,None,compute,0,1694501327.0,,,1694501332.0,1694501356.0,1694501364.0,30317314.0,1694501354.0,1694501402.0,1694501379.0,1694501396.0,29150134.0,1694501402.0,1694501407.0,5.0,,22.0,48.0,5.0,8.0,249343892.0,17.0,520618424.0,poseidon,condorpool,poseidon-worker-1-container-8-11,unzip,/usr/bin/gunzip,,4.2,0,0,,,,,,,,,
unzip_ID0000031,cpu_3,compute,0,1694501327.0,,,1694501332.0,1694501355.0,1694501365.0,25971680.0,1694501354.0,1694501402.0,1694501379.0,1694501397.0,30525564.0,1694501402.0,1694501407.0,5.0,,22.0,48.0,5.0,10.0,237517035.0,18.0,539438752.0,poseidon,condorpool,poseidon-worker-1-container-0-3,unzip,/usr/bin/gunzip,,4.1,0,0,,,,,,,,,
unzip_ID0000076,None,compute,0,1694501327.0,,,1694501332.0,1694501355.0,1694501361.0,35158541.0,1694501353.0,1694501392.0,1694501374.0,1694501383.0,56988333.0,1694501392.0,1694501397.0,5.0,,21.0,39.0,5.0,6.0,233747923.0,9.0,523942844.0,poseidon,condorpool,poseidon-worker-1-container-16-19,unzip,/usr/bin/gunzip,,4.0,0,0,,,,,,,,,
unzip_ID0000011,None,compute,0,1694501327.0,,,1694501332.0,1694501355.0,1694501366.0,21544972.0,1694501353.0,1694501407.0,1694501380.0,1694501397.0,31880917.0,1694501407.0,1694501412.0,5.0,,21.0,54.0,5.0,11.0,235998389.0,17.0,565205920.0,poseidon,condorpool,poseidon-worker-2-container-40-43,unzip,/usr/bin/gunzip,,4.2,0,0,,,,,,,,,
unzip_ID0000056,cpu_3,compute,0,1694501327.0,,,1694501332.0,1694501354.0,1694501362.0,27409176.0,1694501352.0,1694501392.0,1694501375.0,1694501385.0,51784762.0,1694501392.0,1694501397.0,5.0,,20.0,40.0,5.0,8.0,232139969.0,10.0,528026776.0,poseidon,condorpool,poseidon-worker-2-container-12-15,unzip,/usr/bin/gunzip,,4.1,0,0,,,,,,,,,
unzip_ID0000071,cpu_3,compute,0,1694501327.0,,,1694501332.0,1694501354.0,1694501363.0,26472692.0,1694501352.0,1694501397.0,1694501376.0,1694501389.0,41847955.0,1694501397.0,1694501402.0,5.0,,20.0,45.0,5.0,9.0,240896692.0,13.0,539506600.0,poseidon,condorpool,poseidon-worker-2-container-8-11,unzip,/usr/bin/gunzip,,4.2,0,0,,,,,,,,,
unzip_ID0000051,None,compute,0,1694501327.0,,,1694501332.0,1694501354.0,1694501361.0,32207222.0,1694501352.0,1694501392.0,1694501375.0,1694501385.0,51965963.0,1694501392.0,1694501397.0,5.0,,20.0,40.0,5.0,7.0,239630266.0,10.0,544301296.0,poseidon,condorpool,poseidon-worker-2-container-24-27,unzip,/usr/bin/gunzip,,4.1,0,0,,,,,,,,,
unzip_ID0000111,None,compute,0,1694501327.0,,,1694501332.0,1694501354.0,1694501363.0,26830650.0,1694501352.0,1694501402.0,1694501377.0,1694501396.0,30358849.0,1694501402.0,1694501407.0,5.0,,20.0,50.0,5.0,9.0,256320311.0,19.0,567950764.0,poseidon,condorpool,poseidon-worker-1-container-4-7,unzip,/usr/bin/gunzip,,4.4,0,0,,,,,,,,,
unzip_ID0000091,None,compute,0,1694501327.0,,,1694501332.0,1694501353.0,1694501363.0,24626622.0,1694501351.0,1694501397.0,1694501376.0,1694501388.0,43400875.0,1694501397.0,1694501402.0,5.0,,19.0,46.0,5.0,10.0,246447087.0,12.0,539109992.0,poseidon,condorpool,poseidon-worker-2-container-44-47,unzip,/usr/bin/gunzip,,4.2,0,0,,,,,,,,,
unzip_ID0000081,None,compute,0,1694501327.0,,,1694501332.0,1694501354.0,1694501364.0,25649124.0,1694501352.0,1694501402.0,1694501379.0,1694501396.0,30350872.0,1694501402.0,1694501407.0,5.0,,20.0,50.0,5.0,10.0,245619741.0,17.0,543190672.0,poseidon,condorpool,poseidon-worker-1-container-44-47,unzip,/usr/bin/gunzip,,4.2,0,0,,,,,,,,,
unzip_ID0000041,None,compute,0,1694501327.0,,,1694501332.0,1694501353.0,1694501360.0,33911095.0,1694501352.0,1694501392.0,1694501373.0,1694501382.0,56999657.0,1694501392.0,1694501397.0,5.0,,20.0,40.0,5.0,7.0,238944758.0,9.0,540768928.0,poseidon,condorpool,poseidon-worker-1-container-32-35,unzip,/usr/bin/gunzip,,4.0,0,0,,,,,,,,,
unzip_ID0000061,cpu_3,compute,0,1694501327.0,,,1694501332.0,1694501354.0,1694501364.0,25839746.0,1694501353.0,1694501407.0,1694501379.0,1694501397.0,29562078.0,1694501407.0,1694501412.0,5.0,,21.0,54.0,5.0,10.0,240463185.0,18.0,541945820.0,poseidon,condorpool,poseidon-worker-1-container-36-39,unzip,/usr/bin/gunzip,,4.2,0,0,,,,,,,,,
unzip_ID0000096,None,compute,0,1694501327.0,,,1694501332.0,1694501353.0,1694501362.0,29156674.0,1694501352.0,1694501392.0,1694501375.0,1694501384.0,54100494.0,1694501392.0,1694501397.0,5.0,,20.0,40.0,5.0,9.0,240753402.0,9.0,524013876.0,poseidon,condorpool,poseidon-worker-2-container-32-35,unzip,/usr/bin/gunzip,,4.1,0,0,,,,,,,,,
unzip_ID0000121,cpu_3,compute,0,1694501327.0,,,1694501332.0,1694501354.0,1694501363.0,27070756.0,1694501352.0,1694501397.0,1694501376.0,1694501389.0,41246559.0,1694501397.0,1694501402.0,5.0,,20.0,45.0,5.0,9.0,250860096.0,13.0,550782944.0,poseidon,condorpool,poseidon-worker-1-container-28-31,unzip,/usr/bin/gunzip,,4.3,0,0,,,,,,,,,
unzip_ID0000066,None,compute,0,1694501327.0,,,1694501332.0,1694501354.0,1694501361.0,29845940.0,1694501352.0,1694501392.0,1694501374.0,1694501383.0,57175309.0,1694501392.0,1694501397.0,5.0,,20.0,40.0,5.0,7.0,232031705.0,9.0,523661496.0,poseidon,condorpool,poseidon-worker-1-container-40-43,unzip,/usr/bin/gunzip,,4.0,0,0,,,,,,,,,
unzip_ID0000001,cpu_3,compute,0,1694501327.0,,,1694501332.0,1694501354.0,1694501363.0,26256047.0,1694501352.0,1694501402.0,1694501377.0,1694501396.0,30340553.0,1694501402.0,1694501407.0,5.0,,20.0,50.0,5.0,9.0,232473216.0,19.0,561354992.0,poseidon,condorpool,poseidon-worker-1-container-24-27,unzip,/usr/bin/gunzip,,4.1,0,0,,,,,,,,,
unzip_ID0000086,cpu_3,compute,0,1694501327.0,,,1694501332.0,1694501354.0,1694501361.0,31692538.0,1694501352.0,1694501392.0,1694501374.0,1694501383.0,54275157.0,1694501392.0,1694501397.0,5.0,,20.0,40.0,5.0,7.0,234836668.0,9.0,518838800.0,poseidon,condorpool,poseidon-worker-2-container-16-19,unzip,/usr/bin/gunzip,,4.0,0,0,,,,,,,,,
unzip_ID0000016,None,compute,0,1694501327.0,,,1694501332.0,1694501354.0,1694501363.0,25284340.0,1694501352.0,1694501397.0,1694501376.0,1694501388.0,43159417.0,1694501397.0,1694501402.0,5.0,,20.0,45.0,5.0,9.0,225238888.0,12.0,523826084.0,poseidon,condorpool,poseidon-worker-1-container-20-23,unzip,/usr/bin/gunzip,,3.9,0,0,,,,,,,,,
unzip_ID0000036,None,compute,0,1694501327.0,,,1694501332.0,1694501354.0,1694501366.0,19039198.0,1694501352.0,1694501407.0,1694501380.0,1694501400.0,26857124.0,1694501407.0,1694501412.0,5.0,,20.0,55.0,5.0,12.0,232020704.0,20.0,526952240.0,poseidon,condorpool,poseidon-worker-1-container-12-15,unzip,/usr/bin/gunzip,,4.1,0,0,,,,,,,,,
unzip_ID0000116,None,compute,0,1694501327.0,,,1694501332.0,1694501353.0,1694501363.0,26948222.0,1694501352.0,1694501397.0,1694501376.0,1694501388.0,43676434.0,1694501397.0,1694501402.0,5.0,,20.0,45.0,5.0,10.0,249255741.0,12.0,520850676.0,poseidon,condorpool,poseidon-worker-2-container-36-39,unzip,/usr/bin/gunzip,,4.2,0,0,,,,,,,,,
unzip_ID0000021,cpu_3,compute,0,1694501327.0,,,1694501332.0,1694501354.0,1694501363.0,24995542.0,1694501352.0,1694501397.0,1694501376.0,1694501388.0,43008442.0,1694501397.0,1694501402.0,5.0,,20.0,45.0,5.0,9.0,235136662.0,12.0,539178100.0,poseidon,condorpool,poseidon-worker-2-container-28-31,unzip,/usr/bin/gunzip,,4.1,0,0,,,,,,,,,
um_vel_ID0000047,cpu_3,compute,0,1694501392.0,,,1694501397.0,1694501400.0,1694501419.0,51633422.2,1694501398.0,1694501443.0,1694501427.0,1694501430.0,172503.0,1694501443.0,1694501448.0,5.0,,1.0,45.0,5.0,19.0,700441980.0,3.0,556900.0,poseidon,condorpool,poseidon-worker-1-container-28-31,um_vel,/opt/UM_VEL/UM_VEL,,1.7,0,0,,,,,,,,,
um_vel_ID0000097,None,compute,0,1694501397.0,,,1694501402.0,1694501405.0,1694501424.0,51945952.5,1694501403.0,1694501443.0,1694501433.0,1694501437.0,172639.0,1694501443.0,1694501448.0,5.0,,1.0,40.0,5.0,19.0,700600628.0,4.0,556900.0,poseidon,condorpool,poseidon-worker-2-container-44-47,um_vel,/opt/UM_VEL/UM_VEL,,1.7,0,0,,,,,,,,,
um_vel_ID0000077,cpu_3,compute,0,1694501397.0,,,1694501402.0,1694501405.0,1694501424.0,52572535.0,1694501403.0,1694501443.0,1694501433.0,1694501436.0,176116.0,1694501443.0,1694501448.0,5.0,,1.0,40.0,5.0,19.0,700529596.0,3.0,556900.0,poseidon,condorpool,poseidon-worker-2-container-4-7,um_vel,/opt/UM_VEL/UM_VEL,,1.7,0,0,,,,,,,,,
um_vel_ID0000057,cpu_3,compute,0,1694501397.0,,,1694501402.0,1694501405.0,1694501423.0,58165375.5,1694501403.0,1694501443.0,1694501432.0,1694501435.0,171607.0,1694501443.0,1694501448.0,5.0,,1.0,40.0,5.0,18.0,704613528.0,3.0,556900.0,poseidon,condorpool,poseidon-worker-2-container-16-19,um_vel,/opt/UM_VEL/UM_VEL,,1.8,0,0,,,,,,,,,
um_vel_ID0000052,None,compute,0,1694501397.0,,,1694501402.0,1694501405.0,1694501425.0,51004202.2,1694501403.0,1694501448.0,1694501434.0,1694501437.0,171601.0,1694501448.0,1694501453.0,5.0,,1.0,45.0,5.0,20.0,720888048.0,3.0,556900.0,poseidon,condorpool,poseidon-worker-2-container-24-27,um_vel,/opt/UM_VEL/UM_VEL,,1.8,0,0,,,,,,,,,
um_vel_ID0000087,None,compute,0,1694501397.0,,,1694501402.0,1694501405.0,1694501425.0,50107801.9,1694501403.0,1694501443.0,1694501434.0,1694501437.0,174297.0,1694501443.0,1694501448.0,5.0,,1.0,40.0,5.0,20.0,695425552.0,3.0,556900.0,poseidon,condorpool,poseidon-worker-2-container-32-35,um_vel,/opt/UM_VEL/UM_VEL,,1.8,0,0,,,,,,,,,
um_vel_ID0000067,None,compute,0,1694501397.0,,,1694501402.0,1694501405.0,1694501424.0,51790471.4,1694501403.0,1694501443.0,1694501433.0,1694501436.0,172803.0,1694501443.0,1694501448.0,5.0,,1.0,40.0,5.0,19.0,700248248.0,3.0,556900.0,poseidon,condorpool,poseidon-worker-1-container-4-7,um_vel,/opt/UM_VEL/UM_VEL,,1.8,0,0,,,,,,,,,
um_vel_ID0000042,cpu_3,compute,0,1694501397.0,,,1694501402.0,1694501405.0,1694501425.0,50955849.0,1694501403.0,1694501443.0,1694501434.0,1694501437.0,177035.0,1694501443.0,1694501448.0,5.0,,1.0,40.0,5.0,20.0,717355680.0,3.0,556900.0,poseidon,condorpool,poseidon-worker-2-container-0-3,um_vel,/opt/UM_VEL/UM_VEL,,1.7,0,0,,,,,,,,,
um_vel_ID0000102,None,compute,0,1694501402.0,,,1694501407.0,1694501410.0,1694501429.0,53836582.9,1694501408.0,1694501448.0,1694501438.0,1694501441.0,172880.0,1694501448.0,1694501453.0,5.0,,1.0,40.0,5.0,19.0,738138396.0,3.0,556900.0,poseidon,condorpool,poseidon-worker-1-container-44-47,um_vel,/opt/UM_VEL/UM_VEL,,1.8,0,0,,,,,,,,,
um_vel_ID0000017,cpu_3,compute,0,1694501402.0,,,1694501407.0,1694501410.0,1694501430.0,48666934.2,1694501408.0,1694501448.0,1694501438.0,1694501441.0,175030.0,1694501448.0,1694501453.0,5.0,,1.0,40.0,5.0,20.0,700412836.0,3.0,556900.0,poseidon,condorpool,poseidon-worker-2-container-12-15,um_vel,/opt/UM_VEL/UM_VEL,,1.7,0,0,,,,,,,,,
um_vel_ID0000117,None,compute,0,1694501402.0,,,1694501407.0,1694501410.0,1694501432.0,41118760.2,1694501408.0,1694501453.0,1694501441.0,1694501444.0,177041.0,1694501453.0,1694501459.0,5.0,,1.0,45.0,6.0,22.0,697437428.0,3.0,556900.0,poseidon,condorpool,poseidon-worker-2-container-40-43,um_vel,/opt/UM_VEL/UM_VEL,,1.6,0,0,,,,,,,,,
um_vel_ID0000092,None,compute,0,1694501402.0,,,1694501407.0,1694501410.0,1694501431.0,44693991.8,1694501408.0,1694501453.0,1694501440.0,1694501443.0,176815.0,1694501453.0,1694501459.0,5.0,,1.0,45.0,6.0,21.0,715696744.0,3.0,556900.0,poseidon,condorpool,poseidon-worker-1-container-8-11,um_vel,/opt/UM_VEL/UM_VEL,,1.7,0,0,,,,,,,,,
um_vel_ID0000122,None,compute,0,1694501402.0,,,1694501407.0,1694501410.0,1694501430.0,50869840.1,1694501408.0,1694501448.0,1694501438.0,1694501442.0,174885.0,1694501448.0,1694501453.0,5.0,,1.0,40.0,5.0,20.0,727369696.0,4.0,556900.0,poseidon,condorpool,poseidon-worker-1-container-12-15,um_vel,/opt/UM_VEL/UM_VEL,,1.8,0,0,,,,,,,,,
um_vel_ID0000022,None,compute,0,1694501402.0,,,1694501407.0,1694501410.0,1694501431.0,44893175.7,1694501408.0,1694501453.0,1694501440.0,1694501443.0,178042.0,1694501453.0,1694501459.0,5.0,,1.0,45.0,6.0,21.0,715764852.0,3.0,556900.0,poseidon,condorpool,poseidon-worker-1-container-32-35,um_vel,/opt/UM_VEL/UM_VEL,,1.7,0,0,,,,,,,,,
um_vel_ID0000072,None,compute,0,1694501402.0,,,1694501407.0,1694501410.0,1694501429.0,51677874.1,1694501408.0,1694501448.0,1694501438.0,1694501441.0,178021.0,1694501448.0,1694501453.0,5.0,,1.0,40.0,5.0,19.0,716093352.0,3.0,556900.0,poseidon,condorpool,poseidon-worker-1-container-20-23,um_vel,/opt/UM_VEL/UM_VEL,,1.7,0,0,,,,,,,,,
um_vel_ID0000082,None,compute,0,1694501407.0,,,1694501412.0,1694501415.0,1694501435.0,49023635.8,1694501413.0,1694501453.0,1694501444.0,1694501447.0,178741.0,1694501453.0,1694501459.0,5.0,,1.0,40.0,6.0,20.0,719777424.0,3.0,556900.0,poseidon,condorpool,poseidon-worker-1-container-40-43,um_vel,/opt/UM_VEL/UM_VEL,,1.7,0,0,,,,,,,,,
um_vel_ID0000027,None,compute,0,1694501407.0,,,1694501412.0,1694501415.0,1694501433.0,56506054.4,1694501413.0,1694501453.0,1694501442.0,1694501445.0,174952.0,1694501453.0,1694501459.0,5.0,,1.0,40.0,6.0,18.0,700504640.0,3.0,556900.0,poseidon,condorpool,poseidon-worker-1-container-44-47,um_vel,/opt/UM_VEL/UM_VEL,,1.7,0,0,,,,,,,,,
um_vel_ID0000127,None,compute,0,1694501407.0,,,1694501412.0,1694501415.0,1694501435.0,50240373.8,1694501413.0,1694501453.0,1694501443.0,1694501446.0,178902.0,1694501453.0,1694501459.0,5.0,,1.0,40.0,6.0,20.0,697205176.0,3.0,556900.0,poseidon,condorpool,poseidon-worker-1-container-16-19,um_vel,/opt/UM_VEL/UM_VEL,,1.7,0,0,,,,,,,,,
um_vel_ID0000032,cpu_3,compute,0,1694501407.0,,,1694501412.0,1694501415.0,1694501437.0,46053788.3,1694501413.0,1694501459.0,1694501445.0,1694501448.0,178710.0,1694501459.0,1694501464.0,5.0,,1.0,46.0,5.0,22.0,716025504.0,3.0,556900.0,poseidon,condorpool,poseidon-worker-2-container-8-11,um_vel,/opt/UM_VEL/UM_VEL,,1.6,0,0,,,,,,,,,
um_vel_ID0000112,None,compute,0,1694501407.0,,,1694501412.0,1694501415.0,1694501436.0,50193322.4,1694501413.0,1694501459.0,1694501445.0,1694501448.0,178498.0,1694501459.0,1694501464.0,5.0,,1.0,46.0,5.0,21.0,744537516.0,3.0,556900.0,poseidon,condorpool,poseidon-worker-2-container-20-23,um_vel,/opt/UM_VEL/UM_VEL,,1.8,0,0,,,,,,,,,
um_vel_ID0000002,None,compute,0,1694501407.0,,,1694501412.0,1694501415.0,1694501434.0,54260389.8,1694501413.0,1694501453.0,1694501443.0,1694501446.0,178211.0,1694501453.0,1694501459.0,5.0,,1.0,40.0,6.0,19.0,737941744.0,3.0,556900.0,poseidon,condorpool,poseidon-worker-1-container-20-23,um_vel,/opt/UM_VEL/UM_VEL,,1.7,0,0,,,,,,,,,
um_vel_ID0000062,cpu_3,compute,0,1694501412.0,,,1694501417.0,1694501421.0,1694501442.0,46724041.6,1694501419.0,1694501464.0,1694501450.0,1694501453.0,178859.0,1694501464.0,1694501469.0,5.0,,2.0,45.0,5.0,21.0,718532572.0,3.0,556900.0,poseidon,condorpool,poseidon-worker-1-container-36-39,um_vel,/opt/UM_VEL/UM_VEL,,1.7,0,0,,,,,,,,,
um_vel_ID0000037,cpu_3,compute,0,1694501412.0,,,1694501417.0,1694501420.0,1694501440.0,51953477.5,1694501419.0,1694501459.0,1694501449.0,1694501452.0,176597.0,1694501459.0,1694501464.0,5.0,,2.0,40.0,5.0,20.0,703538992.0,3.0,556900.0,poseidon,condorpool,poseidon-worker-1-container-0-3,um_vel,/opt/UM_VEL/UM_VEL,,1.7,0,0,,,,,,,,,
um_vel_ID0000007,None,compute,0,1694501412.0,,,1694501417.0,1694501420.0,1694501440.0,49419160.5,1694501419.0,1694501459.0,1694501448.0,1694501451.0,178704.0,1694501459.0,1694501464.0,5.0,,2.0,40.0,5.0,20.0,678203340.0,3.0,556900.0,poseidon,condorpool,poseidon-worker-2-container-36-39,um_vel,/opt/UM_VEL/UM_VEL,,1.6,0,0,,,,,,,,,
um_vel_ID0000012,cpu_3,compute,0,1694501412.0,,,1694501417.0,1694501421.0,1694501441.0,48740541.9,1694501419.0,1694501459.0,1694501450.0,1694501453.0,176873.0,1694501459.0,1694501464.0,5.0,,2.0,40.0,5.0,20.0,741792672.0,3.0,556900.0,poseidon,condorpool,poseidon-worker-2-container-28-31,um_vel,/opt/UM_VEL/UM_VEL,,1.7,0,0,,,,,,,,,
um_vel_ID0000107,cpu_3,compute,0,1694501417.0,,,1694501423.0,1694501426.0,1694501443.0,57167933.4,1694501424.0,1694501464.0,1694501451.0,1694501454.0,180045.0,1694501464.0,1694501469.0,6.0,,1.0,40.0,5.0,17.0,678408568.0,3.0,556900.0,poseidon,condorpool,poseidon-worker-1-container-24-27,um_vel,/opt/UM_VEL/UM_VEL,,1.6,0,0,,,,,,,,,
stage_out_local_condorpool_0_0,None,transfer,0,1694501417.0,,,1694501422.0,,,0.0,1694501424.0,1694501459.0,,,0.0,1694501459.0,1694501464.0,5.0,,2.0,35.0,5.0,,,,,poseidon,local,poseidon-submit,pegasus::transfer,/mnt/poseidon-data/poseidon/pegasus-5.1.0panorama/bin/pegasus-transfer,/home/poseidon/pegasus-5.1.0panorama/bin/../bin/pegasus-kickstart  -n pegasus::transfer -N null -i - -R local  -L casa-wind-full -T 2023-09-08T07:29:05+00:00 /home/poseidon/pegasus-5.1.0panorama/bin/../bin/pegasus-transfer  --threads 2,36.1,0,0,,,,,,,,,
stage_out_local_condorpool_0_1,None,transfer,0,1694501417.0,,,1694501422.0,,,0.0,1694501424.0,1694501459.0,,,0.0,1694501459.0,1694501464.0,5.0,,2.0,35.0,5.0,,,,,poseidon,local,poseidon-submit,pegasus::transfer,/mnt/poseidon-data/poseidon/pegasus-5.1.0panorama/bin/pegasus-transfer,/home/poseidon/pegasus-5.1.0panorama/bin/../bin/pegasus-kickstart  -n pegasus::transfer -N null -i - -R local  -L casa-wind-full -T 2023-09-08T07:29:05+00:00 /home/poseidon/pegasus-5.1.0panorama/bin/../bin/pegasus-transfer  --threads 2,35.1,0,0,,,,,,,,,
stage_out_local_condorpool_0_2,None,transfer,0,1694501417.0,,,1694501423.0,,,0.0,1694501424.0,1694501459.0,,,0.0,1694501459.0,1694501464.0,6.0,,1.0,35.0,5.0,,,,,poseidon,local,poseidon-submit,pegasus::transfer,/mnt/poseidon-data/poseidon/pegasus-5.1.0panorama/bin/pegasus-transfer,/home/poseidon/pegasus-5.1.0panorama/bin/../bin/pegasus-kickstart  -n pegasus::transfer -N null -i - -R local  -L casa-wind-full -T 2023-09-08T07:29:05+00:00 /home/poseidon/pegasus-5.1.0panorama/bin/../bin/pegasus-transfer  --threads 2,35.6,0,0,,,,,,,,,
post_vel_ID0000058,None,compute,0,1694501448.0,,,1694501453.0,1694501457.0,1694501468.0,30513243.6,1694501455.0,1694501484.0,1694501473.0,1694501477.0,3585.0,1694501484.0,1694501489.0,5.0,,2.0,29.0,5.0,11.0,177143937.0,4.0,10981.0,poseidon,condorpool,poseidon-worker-2-container-44-47,post_vel,/opt/netcdf2png/merged_netcdf2png,,0.1,0,0,,,,,,,,,
mvt_ID0000089,None,compute,0,1694501448.0,,,1694501453.0,1694501456.0,1694501468.0,30068544.2,1694501455.0,1694501524.0,1694501514.0,1694501517.0,15932.0,1694501524.0,1694501529.0,5.0,,2.0,69.0,5.0,12.0,177143652.0,3.0,48475.0,poseidon,condorpool,poseidon-worker-1-container-44-47,mvt,/opt/mvt/mvt,,40.3,0,0,0.0,823257.0,24576.0,503.0,6.0,39.7,0.1,20581.4,2457.6
post_vel_ID0000098,None,compute,0,1694501448.0,,,1694501453.0,1694501456.0,1694501469.0,27229377.0,1694501455.0,1694501484.0,1694501474.0,1694501477.0,4387.0,1694501484.0,1694501489.0,5.0,,2.0,29.0,5.0,13.0,177143937.0,3.0,13355.0,poseidon,condorpool,poseidon-worker-1-container-20-23,post_vel,/opt/netcdf2png/merged_netcdf2png,,0.1,0,0,,,,,,,,,
mvt_ID0000059,None,compute,0,1694501448.0,,,1694501453.0,1694501456.0,1694501467.0,33234829.2,1694501454.0,1694501524.0,1694501511.0,1694501514.0,9319.0,1694501524.0,1694501529.0,5.0,,1.0,70.0,5.0,11.0,177143652.0,3.0,28164.0,poseidon,condorpool,poseidon-worker-2-container-32-35,mvt,/opt/mvt/mvt,,38.7,0,0,0.0,791894.0,12288.0,428.0,3.0,29.9,0.1,26396.5,1228.8
post_vel_ID0000088,cpu_3,compute,0,1694501448.0,,,1694501453.0,1694501456.0,1694501467.0,35104582.8,1694501454.0,1694501484.0,1694501473.0,1694501476.0,4128.0,1694501484.0,1694501489.0,5.0,,1.0,30.0,5.0,11.0,177143937.0,3.0,12740.0,poseidon,condorpool,poseidon-worker-2-container-12-15,post_vel,/opt/netcdf2png/merged_netcdf2png,,0.1,0,0,,,,,,,,,
mvt_ID0000079,cpu_3,compute,0,1694501448.0,,,1694501453.0,1694501456.0,1694501468.0,31588435.0,1694501455.0,1694501539.0,1694501526.0,1694501529.0,14146.0,1694501539.0,1694501544.0,5.0,,2.0,84.0,5.0,12.0,177143652.0,3.0,45337.0,poseidon,condorpool,poseidon-worker-2-container-0-3,mvt,/opt/mvt/mvt,,40.2,0,0,0.0,797917.0,24576.0,455.0,6.0,38.7,0.1,15958.3,1228.8
mvt_ID0000049,None,compute,0,1694501448.0,,,1694501453.0,1694501457.0,1694501469.0,28174260.7,1694501455.0,1694501524.0,1694501514.0,1694501517.0,7992.0,1694501524.0,1694501529.0,5.0,,2.0,69.0,5.0,12.0,177143652.0,3.0,24108.0,poseidon,condorpool,poseidon-worker-2-container-40-43,mvt,/opt/mvt/mvt,,40.3,0,0,0.0,792929.0,12288.0,437.0,3.0,39.9,0.1,19823.2,1228.8
post_vel_ID0000048,cpu_3,compute,0,1694501448.0,,,1694501453.0,1694501456.0,1694501467.0,35116790.2,1694501454.0,1694501484.0,1694501473.0,1694501476.0,3346.0,1694501484.0,1694501489.0,5.0,,1.0,30.0,5.0,11.0,177143937.0,3.0,10371.0,poseidon,condorpool,poseidon-worker-1-container-28-31,post_vel,/opt/netcdf2png/merged_netcdf2png,,0.1,0,0,,,,,,,,,
post_vel_ID0000078,cpu_3,compute,0,1694501448.0,,,1694501453.0,1694501457.0,1694501468.0,34828504.6,1694501456.0,1694501484.0,1694501474.0,1694501477.0,4019.0,1694501484.0,1694501489.0,5.0,,3.0,28.0,5.0,11.0,177143937.0,3.0,12264.0,poseidon,condorpool,poseidon-worker-2-container-16-19,post_vel,/opt/netcdf2png/merged_netcdf2png,,0.1,0,0,,,,,,,,,
mvt_ID0000069,cpu_3,compute,0,1694501448.0,,,1694501453.0,1694501456.0,1694501468.0,26899226.7,1694501454.0,1694501544.0,1694501531.0,1694501535.0,10988.0,1694501544.0,1694501549.0,5.0,,1.0,90.0,5.0,12.0,177143652.0,4.0,35309.0,poseidon,condorpool,poseidon-worker-2-container-4-7,mvt,/opt/mvt/mvt,,40.1,0,0,0.0,796547.0,16384.0,452.0,4.0,36.2,0.1,15930.9,819.2
mvt_ID0000099,None,compute,0,1694501448.0,,,1694501453.0,1694501456.0,1694501467.0,29611965.5,1694501454.0,1694501524.0,1694501512.0,1694501516.0,16475.0,1694501524.0,1694501529.0,5.0,,1.0,70.0,5.0,11.0,177143652.0,4.0,50118.0,poseidon,condorpool,poseidon-worker-2-container-24-27,mvt,/opt/mvt/mvt,,40.1,0,0,0.0,795682.0,28672.0,443.0,7.0,39.9,0.1,19892.0,1433.6
post_vel_ID0000068,None,compute,0,1694501448.0,,,1694501453.0,1694501456.0,1694501467.0,33714798.4,1694501454.0,1694501484.0,1694501473.0,1694501476.0,3721.0,1694501484.0,1694501489.0,5.0,,1.0,30.0,5.0,11.0,177143937.0,3.0,11398.0,poseidon,condorpool,poseidon-worker-1-container-4-7,post_vel,/opt/netcdf2png/merged_netcdf2png,,0.1,0,0,,,,,,,,,
mvt_ID0000044,None,compute,0,1694501448.0,,,1694501453.0,1694501456.0,1694501469.0,26901580.0,1694501455.0,1694501524.0,1694501514.0,1694501517.0,9247.0,1694501524.0,1694501529.0,5.0,,2.0,69.0,5.0,13.0,177143652.0,3.0,28113.0,poseidon,condorpool,poseidon-worker-1-container-44-47,mvt,/opt/mvt/mvt,,40.4,0,0,0.0,828764.0,12288.0,515.0,3.0,39.8,0.1,20719.1,1228.8
post_vel_ID0000043,None,compute,0,1694501448.0,,,1694501453.0,1694501456.0,1694501468.0,32139319.6,1694501455.0,1694501484.0,1694501473.0,1694501476.0,3614.0,1694501484.0,1694501489.0,5.0,,2.0,29.0,5.0,12.0,177143937.0,3.0,11050.0,poseidon,condorpool,poseidon-worker-1-container-12-15,post_vel,/opt/netcdf2png/merged_netcdf2png,,0.1,0,0,,,,,,,,,
mvt_ID0000124,None,compute,0,1694501453.0,,,1694501459.0,1694501462.0,1694501473.0,29573048.2,1694501460.0,1694501529.0,1694501520.0,1694501523.0,23088.0,1694501529.0,1694501534.0,6.0,,1.0,69.0,5.0,11.0,177143652.0,3.0,70564.0,poseidon,condorpool,poseidon-worker-1-container-16-19,mvt,/opt/mvt/mvt,,41.2,0,0,0.0,798395.0,40960.0,449.0,10.0,39.9,0.1,19959.9,2048.0
post_vel_ID0000103,None,compute,0,1694501453.0,,,1694501459.0,1694501462.0,1694501473.0,34864154.0,1694501460.0,1694501489.0,1694501478.0,1694501481.0,4495.0,1694501489.0,1694501494.0,6.0,,1.0,29.0,5.0,11.0,177143937.0,3.0,13815.0,poseidon,condorpool,poseidon-worker-2-container-36-39,post_vel,/opt/netcdf2png/merged_netcdf2png,,0.1,0,0,,,,,,,,,
mvt_ID0000074,None,compute,0,1694501453.0,,,1694501458.0,1694501462.0,1694501473.0,33956878.2,1694501461.0,1694501529.0,1694501519.0,1694501522.0,12722.0,1694501529.0,1694501534.0,5.0,,3.0,68.0,5.0,11.0,177143652.0,3.0,38855.0,poseidon,condorpool,poseidon-worker-1-container-20-23,mvt,/opt/mvt/mvt,,40.6,0,0,0.0,828691.0,20480.0,515.0,5.0,39.7,0.3,20717.3,1024.0
post_vel_ID0000073,None,compute,0,1694501453.0,,,1694501458.0,1694501461.0,1694501473.0,34999509.2,1694501460.0,1694501489.0,1694501478.0,1694501481.0,3843.0,1694501489.0,1694501494.0,5.0,,2.0,29.0,5.0,12.0,177143937.0,3.0,11825.0,poseidon,condorpool,poseidon-worker-2-container-20-23,post_vel,/opt/netcdf2png/merged_netcdf2png,,0.1,0,0,,,,,,,,,
post_vel_ID0000053,cpu_3,compute,0,1694501453.0,,,1694501459.0,1694501462.0,1694501473.0,33675308.2,1694501460.0,1694501489.0,1694501478.0,1694501482.0,3575.0,1694501489.0,1694501494.0,6.0,,1.0,29.0,5.0,11.0,177143937.0,4.0,11004.0,poseidon,condorpool,poseidon-worker-2-container-28-31,post_vel,/opt/netcdf2png/merged_netcdf2png,,0.1,0,0,,,,,,,,,
mvt_ID0000054,cpu_3,compute,0,1694501453.0,,,1694501459.0,1694501462.0,1694501473.0,34589374.2,1694501460.0,1694501534.0,1694501522.0,1694501525.0,9418.0,1694501534.0,1694501539.0,6.0,,1.0,74.0,5.0,11.0,177143652.0,3.0,28552.0,poseidon,condorpool,poseidon-worker-1-container-0-3,mvt,/opt/mvt/mvt,,40.4,0,0,0.0,794140.0,12288.0,440.0,3.0,36.4,0.1,19853.5,1228.8
mvt_ID0000104,cpu_3,compute,0,1694501453.0,,,1694501459.0,1694501462.0,1694501473.0,34823333.2,1694501460.0,1694501534.0,1694501522.0,1694501525.0,19631.0,1694501534.0,1694501539.0,6.0,,1.0,74.0,5.0,11.0,177143652.0,3.0,59590.0,poseidon,condorpool,poseidon-worker-2-container-8-11,mvt,/opt/mvt/mvt,,40.3,0,0,0.0,792780.0,32768.0,437.0,8.0,36.4,0.1,19819.5,3276.8
post_vel_ID0000018,None,compute,0,1694501453.0,,,1694501458.0,1694501462.0,1694501473.0,34827517.0,1694501460.0,1694501489.0,1694501478.0,1694501481.0,3822.0,1694501489.0,1694501494.0,5.0,,2.0,29.0,5.0,11.0,177143937.0,3.0,11645.0,poseidon,condorpool,poseidon-worker-1-container-8-11,post_vel,/opt/netcdf2png/merged_netcdf2png,,0.1,0,0,,,,,,,,,
mvt_ID0000019,None,compute,0,1694501453.0,,,1694501458.0,1694501462.0,1694501473.0,28942633.8,1694501460.0,1694501529.0,1694501519.0,1694501522.0,11849.0,1694501529.0,1694501534.0,5.0,,2.0,69.0,5.0,11.0,177143652.0,3.0,36245.0,poseidon,condorpool,poseidon-worker-1-container-32-35,mvt,/opt/mvt/mvt,,40.5,0,0,0.0,799743.0,20480.0,452.0,5.0,39.9,0.1,19993.6,1024.0
post_vel_ID0000123,None,compute,0,1694501453.0,,,1694501458.0,1694501461.0,1694501472.0,34165717.4,1694501460.0,1694501489.0,1694501478.0,1694501481.0,4700.0,1694501489.0,1694501494.0,5.0,,2.0,29.0,5.0,11.0,177143937.0,3.0,14777.0,poseidon,condorpool,poseidon-worker-1-container-40-43,post_vel,/opt/netcdf2png/merged_netcdf2png,,0.1,0,0,,,,,,,,,
mvt_ID0000119,None,compute,0,1694501459.0,,,1694501464.0,1694501481.0,1694501492.0,33515291.6,1694501479.0,1694501544.0,1694501535.0,1694501538.0,21455.0,1694501544.0,1694501549.0,5.0,,15.0,65.0,5.0,11.0,177143652.0,3.0,65525.0,poseidon,condorpool,poseidon-worker-2-container-44-47,mvt,/opt/mvt/mvt,,38.1,0,0,0.0,791978.0,36864.0,428.0,9.0,29.9,0.1,26399.3,3686.4
post_vel_ID0000118,None,compute,0,1694501459.0,,,1694501464.0,1694501481.0,1694501492.0,29653337.5,1694501480.0,1694501509.0,1694501498.0,1694501501.0,4683.0,1694501509.0,1694501514.0,5.0,,16.0,29.0,5.0,11.0,177143937.0,3.0,14402.0,poseidon,condorpool,poseidon-worker-2-container-36-39,post_vel,/opt/netcdf2png/merged_netcdf2png,,0.1,0,0,,,,,,,,,
post_vel_ID0000083,cpu_3,compute,0,1694501459.0,,,1694501464.0,1694501483.0,1694501494.0,29712690.0,1694501481.0,1694501509.0,1694501499.0,1694501502.0,4216.0,1694501509.0,1694501514.0,5.0,,17.0,28.0,5.0,11.0,177143937.0,3.0,12720.0,poseidon,condorpool,poseidon-worker-2-container-16-19,post_vel,/opt/netcdf2png/merged_netcdf2png,,0.1,0,0,,,,,,,,,
mvt_ID0000084,None,compute,0,1694501459.0,,,1694501464.0,1694501481.0,1694501494.0,23958182.7,1694501479.0,1694501549.0,1694501539.0,1694501542.0,15618.0,1694501549.0,1694501554.0,5.0,,15.0,70.0,5.0,13.0,177143652.0,3.0,47998.0,poseidon,condorpool,poseidon-worker-1-container-12-15,mvt,/opt/mvt/mvt,,39.7,0,0,0.0,791974.0,24576.0,428.0,6.0,29.9,0.1,26399.1,1228.8
mvt_ID0000024,None,compute,0,1694501459.0,,,1694501464.0,1694501482.0,1694501492.0,29657783.0,1694501480.0,1694501549.0,1694501537.0,1694501540.0,9778.0,1694501549.0,1694501554.0,5.0,,16.0,69.0,5.0,10.0,177143652.0,3.0,30705.0,poseidon,condorpool,poseidon-worker-1-container-20-23,mvt,/opt/mvt/mvt,,39.0,0,0,0.0,822212.0,16384.0,494.0,4.0,29.9,0.1,27407.1,819.2
post_vel_ID0000028,cpu_3,compute,0,1694501459.0,,,1694501464.0,1694501481.0,1694501492.0,30919333.8,1694501479.0,1694501509.0,1694501498.0,1694501501.0,3746.0,1694501509.0,1694501514.0,5.0,,15.0,30.0,5.0,11.0,177143937.0,3.0,11529.0,poseidon,condorpool,poseidon-worker-1-container-36-39,post_vel,/opt/netcdf2png/merged_netcdf2png,,0.1,0,0,,,,,,,,,
mvt_ID0000029,None,compute,0,1694501459.0,,,1694501464.0,1694501481.0,1694501492.0,34292047.0,1694501479.0,1694501549.0,1694501537.0,1694501540.0,12239.0,1694501549.0,1694501554.0,5.0,,15.0,70.0,5.0,11.0,177143652.0,3.0,38341.0,poseidon,condorpool,poseidon-worker-1-container-32-35,mvt,/opt/mvt/mvt,,39.7,0,0,0.0,822130.0,20480.0,494.0,5.0,29.9,0.1,27404.3,1024.0
stage_out_local_condorpool_1_0,None,transfer,0,1694501459.0,,,1694501464.0,,,0.0,1694501465.0,1694501469.0,,,0.0,1694501469.0,1694501474.0,5.0,,1.0,4.0,5.0,,,,,poseidon,local,poseidon-submit,pegasus::transfer,/mnt/poseidon-data/poseidon/pegasus-5.1.0panorama/bin/pegasus-transfer,/home/poseidon/pegasus-5.1.0panorama/bin/../bin/pegasus-kickstart  -n pegasus::transfer -N null -i - -R local  -L casa-wind-full -T 2023-09-08T07:29:05+00:00 /home/poseidon/pegasus-5.1.0panorama/bin/../bin/pegasus-transfer  --threads 2,1.0,0,0,,,,,,,,,
post_vel_ID0000128,cpu_3,compute,0,1694501459.0,,,1694501464.0,1694501481.0,1694501492.0,29681890.0,1694501479.0,1694501509.0,1694501497.0,1694501500.0,4618.0,1694501509.0,1694501514.0,5.0,,15.0,30.0,5.0,11.0,177143937.0,3.0,14512.0,poseidon,condorpool,poseidon-worker-2-container-28-31,post_vel,/opt/netcdf2png/merged_netcdf2png,,0.1,0,0,,,,,,,,,
mvt_ID0000129,None,compute,0,1694501459.0,,,1694501464.0,1694501480.0,1694501491.0,34608988.0,1694501479.0,1694501549.0,1694501536.0,1694501539.0,21023.0,1694501549.0,1694501554.0,5.0,,15.0,70.0,5.0,11.0,177143652.0,3.0,64489.0,poseidon,condorpool,poseidon-worker-1-container-40-43,mvt,/opt/mvt/mvt,,39.1,0,0,0.0,789216.0,36864.0,422.0,9.0,29.9,0.1,26307.2,3686.4
mvt_ID0000004,cpu_3,compute,0,1694501459.0,,,1694501464.0,1694501481.0,1694501494.0,26204564.0,1694501479.0,1694501590.0,1694501577.0,1694501580.0,9151.0,1694501590.0,1694501595.0,5.0,,15.0,111.0,5.0,13.0,177143652.0,3.0,28781.0,poseidon,condorpool,poseidon-worker-1-container-28-31,mvt,/opt/mvt/mvt,,39.3,0,0,0.0,831656.0,16384.0,542.0,4.0,35.1,0.1,11880.8,819.2
post_vel_ID0000093,cpu_3,compute,0,1694501459.0,,,1694501464.0,1694501467.0,1694501478.0,35163701.2,1694501465.0,1694501494.0,1694501483.0,1694501487.0,4162.0,1694501494.0,1694501499.0,5.0,,1.0,29.0,5.0,11.0,177143937.0,4.0,13303.0,poseidon,condorpool,poseidon-worker-1-container-36-39,post_vel,/opt/netcdf2png/merged_netcdf2png,,0.1,0,0,,,,,,,,,
mvt_ID0000094,cpu_3,compute,0,1694501459.0,,,1694501464.0,1694501467.0,1694501478.0,35234277.6,1694501465.0,1694501534.0,1694501525.0,1694501528.0,17289.0,1694501534.0,1694501539.0,5.0,,1.0,69.0,5.0,11.0,177143652.0,3.0,52407.0,poseidon,condorpool,poseidon-worker-1-container-24-27,mvt,/opt/mvt/mvt,,40.1,0,0,0.0,805119.0,28672.0,464.0,7.0,38.5,0.1,20128.0,1433.6
post_vel_ID0000023,None,compute,0,1694501459.0,,,1694501464.0,1694501482.0,1694501493.0,34430689.8,1694501479.0,1694501509.0,1694501498.0,1694501501.0,3581.0,1694501509.0,1694501514.0,5.0,,15.0,30.0,5.0,11.0,177143937.0,3.0,11372.0,poseidon,condorpool,poseidon-worker-1-container-44-47,post_vel,/opt/netcdf2png/merged_netcdf2png,,0.1,0,0,,,,,,,,,
post_vel_ID0000003,cpu_3,compute,0,1694501459.0,,,1694501464.0,1694501482.0,1694501496.0,24156009.7,1694501480.0,1694501514.0,1694501502.0,1694501506.0,3375.0,1694501514.0,1694501519.0,5.0,,16.0,34.0,5.0,14.0,177143937.0,4.0,10865.0,poseidon,condorpool,poseidon-worker-1-container-24-27,post_vel,/opt/netcdf2png/merged_netcdf2png,,0.1,0,0,,,,,,,,,
mvt_ID0000014,cpu_3,compute,0,1694501464.0,,,1694501469.0,1694501484.0,1694501497.0,31971484.6,1694501479.0,1694501570.0,1694501559.0,1694501562.0,10251.0,1694501570.0,1694501575.0,5.0,,10.0,91.0,5.0,13.0,177143652.0,3.0,31991.0,poseidon,condorpool,poseidon-worker-2-container-4-7,mvt,/opt/mvt/mvt,,39.0,0,0,0.0,828063.0,16384.0,521.0,4.0,33.1,0.1,16561.3,819.2
register_condorpool_0_2,None,auxiliary,0,1694501464.0,,,1694501509.0,,,0.0,1694501510.0,1694501514.0,,,0.0,1694501514.0,1694501519.0,45.0,,1.0,4.0,5.0,,,,,poseidon,local,poseidon-submit,pegasus::rc-client,/mnt/poseidon-data/poseidon/pegasus-5.1.0panorama/bin/pegasus-rc-client,"-n pegasus::rc-client -N null -R local  -L casa-wind-full -T 2023-09-08T07:29:05+00:00 /home/poseidon/pegasus-5.1.0panorama/bin/pegasus-rc-client --prefix pegasus.catalog.replica.output --conf /mnt/poseidon-data/poseidon/workflows/casa-wind-workflow-full/submit/poseidon/pegasus/casa-wind-full/run0463/pegasus.2625688917900921840.properties -v --meta /mnt/poseidon-data/poseidon/workflows/casa-wind-workflow-full/submit/poseidon/pegasus/casa-wind-full/run0463/00/00/unzip_ID0000026.meta,/mnt/poseidon-data/poseidon/workflows/casa-wind-workflow-full/submit/poseidon/pegasus/casa-wind-full/run0463/00/00/unzip_ID0000061.meta,/mnt/poseidon-data/poseidon/workflows/casa-wind-workflow-full/submit/poseidon/pegasus/casa-wind-full/run0463/00/00/unzip_ID0000071.meta,/mnt/poseidon-data/poseidon/workflows/casa-wind-workflow-full/submit/poseidon/pegasus/casa-wind-full/run0463/00/00/unzip_ID0000041.meta,/mnt/poseidon-data/poseidon/workflows/casa-wind-workflow-full/submit/poseidon/pegasus/casa-wind-full/run0463/00/00/unzip_ID0000016.meta,/mnt/poseidon-data/poseidon/workflows/casa-wind-workflow-full/submit/poseidon/pegasus/casa-wind-full/run0463/00/00/unzip_ID0000111.meta,/mnt/poseidon-data/poseidon/workflows/casa-wind-workflow-full/submit/poseidon/pegasus/casa-wind-full/run0463/00/00/unzip_ID0000011.meta,/mnt/poseidon-data/poseidon/workflows/casa-wind-workflow-full/submit/poseidon/pegasus/casa-wind-full/run0463/00/00/unzip_ID0000081.meta,/mnt/poseidon-data/poseidon/workflows/casa-wind-workflow-full/submit/poseidon/pegasus/casa-wind-full/run0463/00/00/unzip_ID0000066.meta,/mnt/poseidon-data/poseidon/workflows/casa-wind-workflow-full/submit/poseidon/pegasus/casa-wind-full/run0463/00/00/unzip_ID0000096.meta,/mnt/poseidon-data/poseidon/workflows/casa-wind-workflow-full/submit/poseidon/pegasus/casa-wind-full/run0463/00/00/unzip_ID0000051.meta,/mnt/poseidon-data/poseidon/workflows/casa-wind-workflow-full/submit/poseidon/pegasus/casa-wind-full/run0463/00/00/unzip_ID0000031.meta,/mnt/poseidon-data/poseidon/workflows/casa-wind-workflow-full/submit/poseidon/pegasus/casa-wind-full/run0463/00/00/unzip_ID0000116.meta,/mnt/poseidon-data/poseidon/workflows/casa-wind-workflow-full/submit/poseidon/pegasus/casa-wind-full/run0463/00/00/unzip_ID0000101.meta,/mnt/poseidon-data/poseidon/workflows/casa-wind-workflow-full/submit/poseidon/pegasus/casa-wind-full/run0463/00/00/unzip_ID0000121.meta,/mnt/poseidon-data/poseidon/workflows/casa-wind-workflow-full/submit/poseidon/pegasus/casa-wind-full/run0463/00/00/unzip_ID0000106.meta,/mnt/poseidon-data/poseidon/workflows/casa-wind-workflow-full/submit/poseidon/pegasus/casa-wind-full/run0463/00/00/unzip_ID0000046.meta,/mnt/poseidon-data/poseidon/workflows/casa-wind-workflow-full/submit/poseidon/pegasus/casa-wind-full/run0463/00/00/unzip_ID0000076.meta,/mnt/poseidon-data/poseidon/workflows/casa-wind-workflow-full/submit/poseidon/pegasus/casa-wind-full/run0463/00/00/unzip_ID0000056.meta,/mnt/poseidon-data/poseidon/workflows/casa-wind-workflow-full/submit/poseidon/pegasus/casa-wind-full/run0463/00/00/unzip_ID0000021.meta,/mnt/poseidon-data/poseidon/workflows/casa-wind-workflow-full/submit/poseidon/pegasus/casa-wind-full/run0463/00/00/unzip_ID0000086.meta,/mnt/poseidon-data/poseidon/workflows/casa-wind-workflow-full/submit/poseidon/pegasus/casa-wind-full/run0463/00/00/unzip_ID0000126.meta,/mnt/poseidon-data/poseidon/workflows/casa-wind-workflow-full/submit/poseidon/pegasus/casa-wind-full/run0463/00/00/unzip_ID0000006.meta,/mnt/poseidon-data/poseidon/workflows/casa-wind-workflow-full/submit/poseidon/pegasus/casa-wind-full/run0463/00/00/unzip_ID0000036.meta,/mnt/poseidon-data/poseidon/workflows/casa-wind-workflow-full/submit/poseidon/pegasus/casa-wind-full/run0463/00/00/unzip_ID0000001.meta,/mnt/poseidon-data/poseidon/workflows/casa-wind-workflow-full/submit/poseidon/pegasus/casa-wind-full/run0463/00/00/unzip_ID0000091.meta --insert /mnt/poseidon-data/poseidon/workflows/casa-wind-workflow-full/submit/poseidon/pegasus/casa-wind-full/run0463/00/00/register_condorpool_0_2.in",3.0,0,0,,,,,,,,,
stage_out_local_condorpool_1_1,None,transfer,0,1694501464.0,,,1694501469.0,,,0.0,1694501470.0,1694501479.0,,,0.0,1694501479.0,1694501484.0,5.0,,1.0,9.0,5.0,,,,,poseidon,local,poseidon-submit,pegasus::transfer,/mnt/poseidon-data/poseidon/pegasus-5.1.0panorama/bin/pegasus-transfer,/home/poseidon/pegasus-5.1.0panorama/bin/../bin/pegasus-kickstart  -n pegasus::transfer -N null -i - -R local  -L casa-wind-full -T 2023-09-08T07:29:05+00:00 /home/poseidon/pegasus-5.1.0panorama/bin/../bin/pegasus-transfer  --threads 2,1.0,0,0,,,,,,,,,
post_vel_ID0000038,cpu_3,compute,0,1694501464.0,,,1694501469.0,1694501488.0,1694501501.0,33726974.8,1694501484.0,1694501519.0,1694501507.0,1694501511.0,3496.0,1694501519.0,1694501524.0,5.0,,15.0,35.0,5.0,13.0,177143937.0,4.0,11227.0,poseidon,condorpool,poseidon-worker-1-container-0-3,post_vel,/opt/netcdf2png/merged_netcdf2png,,0.1,0,0,,,,,,,,,
mvt_ID0000039,None,compute,0,1694501464.0,,,1694501469.0,1694501481.0,1694501493.0,27589153.7,1694501479.0,1694501549.0,1694501538.0,1694501541.0,11276.0,1694501549.0,1694501554.0,5.0,,10.0,70.0,5.0,12.0,177143652.0,3.0,34386.0,poseidon,condorpool,poseidon-worker-1-container-16-19,mvt,/opt/mvt/mvt,,39.8,0,0,0.0,822136.0,16384.0,494.0,4.0,29.9,0.1,27404.5,819.2
post_vel_ID0000113,None,compute,0,1694501464.0,,,1694501469.0,1694501481.0,1694501492.0,29628778.0,1694501479.0,1694501509.0,1694501497.0,1694501500.0,4738.0,1694501509.0,1694501514.0,5.0,,10.0,30.0,5.0,11.0,177143937.0,3.0,14745.0,poseidon,condorpool,poseidon-worker-2-container-32-35,post_vel,/opt/netcdf2png/merged_netcdf2png,,0.2,0,0,,,,,,,,,
mvt_ID0000114,None,compute,0,1694501464.0,,,1694501469.0,1694501481.0,1694501492.0,31196428.8,1694501479.0,1694501549.0,1694501537.0,1694501540.0,22838.0,1694501549.0,1694501554.0,5.0,,10.0,70.0,5.0,11.0,177143652.0,3.0,73234.0,poseidon,condorpool,poseidon-worker-2-container-24-27,mvt,/opt/mvt/mvt,,39.6,0,0,0.0,822137.0,40960.0,494.0,10.0,29.9,0.1,27404.6,4096.0
mvt_ID0000009,None,compute,0,1694501464.0,,,1694501469.0,1694501481.0,1694501492.0,30359456.0,1694501479.0,1694501549.0,1694501537.0,1694501540.0,11306.0,1694501549.0,1694501554.0,5.0,,10.0,70.0,5.0,11.0,177143652.0,3.0,35429.0,poseidon,condorpool,poseidon-worker-1-container-4-7,mvt,/opt/mvt/mvt,,39.0,0,0,0.0,791894.0,20480.0,428.0,5.0,29.9,0.1,26396.5,1024.0
mvt_ID0000034,None,compute,0,1694501464.0,,,1694501469.0,1694501481.0,1694501492.0,32325061.2,1694501479.0,1694501549.0,1694501537.0,1694501540.0,9928.0,1694501549.0,1694501554.0,5.0,,10.0,70.0,5.0,11.0,177143652.0,3.0,30976.0,poseidon,condorpool,poseidon-worker-2-container-40-43,mvt,/opt/mvt/mvt,,39.6,0,0,0.0,818005.0,16384.0,485.0,4.0,29.9,0.1,27266.8,819.2
post_vel_ID0000033,cpu_3,compute,0,1694501464.0,,,1694501469.0,1694501481.0,1694501498.0,15808700.4,1694501479.0,1694501514.0,1694501503.0,1694501506.0,3773.0,1694501514.0,1694501519.0,5.0,,10.0,35.0,5.0,17.0,177143937.0,3.0,11464.0,poseidon,condorpool,poseidon-worker-2-container-12-15,post_vel,/opt/netcdf2png/merged_netcdf2png,,0.1,0,0,,,,,,,,,
post_vel_ID0000008,cpu_3,compute,0,1694501464.0,,,1694501469.0,1694501484.0,1694501497.0,30648637.0,1694501479.0,1694501514.0,1694501503.0,1694501506.0,3398.0,1694501514.0,1694501519.0,5.0,,10.0,35.0,5.0,13.0,177143937.0,3.0,10982.0,poseidon,condorpool,poseidon-worker-2-container-8-11,post_vel,/opt/netcdf2png/merged_netcdf2png,,0.1,0,0,,,,,,,,,
register_condorpool_0_1,None,auxiliary,0,1694501464.0,,,1694501469.0,,,0.0,1694501470.0,1694501474.0,,,0.0,1694501474.0,1694501479.0,5.0,,1.0,4.0,5.0,,,,,poseidon,local,poseidon-submit,pegasus::rc-client,/mnt/poseidon-data/poseidon/pegasus-5.1.0panorama/bin/pegasus-rc-client,"-n pegasus::rc-client -N null -R local  -L casa-wind-full -T 2023-09-08T07:29:05+00:00 /home/poseidon/pegasus-5.1.0panorama/bin/pegasus-rc-client --prefix pegasus.catalog.replica.output --conf /mnt/poseidon-data/poseidon/workflows/casa-wind-workflow-full/submit/poseidon/pegasus/casa-wind-full/run0463/pegasus.2625688917900921840.properties -v --meta /mnt/poseidon-data/poseidon/workflows/casa-wind-workflow-full/submit/poseidon/pegasus/casa-wind-full/run0463/00/00/unzip_ID0000026.meta,/mnt/poseidon-data/poseidon/workflows/casa-wind-workflow-full/submit/poseidon/pegasus/casa-wind-full/run0463/00/00/unzip_ID0000061.meta,/mnt/poseidon-data/poseidon/workflows/casa-wind-workflow-full/submit/poseidon/pegasus/casa-wind-full/run0463/00/00/unzip_ID0000071.meta,/mnt/poseidon-data/poseidon/workflows/casa-wind-workflow-full/submit/poseidon/pegasus/casa-wind-full/run0463/00/00/unzip_ID0000041.meta,/mnt/poseidon-data/poseidon/workflows/casa-wind-workflow-full/submit/poseidon/pegasus/casa-wind-full/run0463/00/00/unzip_ID0000016.meta,/mnt/poseidon-data/poseidon/workflows/casa-wind-workflow-full/submit/poseidon/pegasus/casa-wind-full/run0463/00/00/unzip_ID0000111.meta,/mnt/poseidon-data/poseidon/workflows/casa-wind-workflow-full/submit/poseidon/pegasus/casa-wind-full/run0463/00/00/unzip_ID0000011.meta,/mnt/poseidon-data/poseidon/workflows/casa-wind-workflow-full/submit/poseidon/pegasus/casa-wind-full/run0463/00/00/unzip_ID0000081.meta,/mnt/poseidon-data/poseidon/workflows/casa-wind-workflow-full/submit/poseidon/pegasus/casa-wind-full/run0463/00/00/unzip_ID0000066.meta,/mnt/poseidon-data/poseidon/workflows/casa-wind-workflow-full/submit/poseidon/pegasus/casa-wind-full/run0463/00/00/unzip_ID0000096.meta,/mnt/poseidon-data/poseidon/workflows/casa-wind-workflow-full/submit/poseidon/pegasus/casa-wind-full/run0463/00/00/unzip_ID0000051.meta,/mnt/poseidon-data/poseidon/workflows/casa-wind-workflow-full/submit/poseidon/pegasus/casa-wind-full/run0463/00/00/unzip_ID0000031.meta,/mnt/poseidon-data/poseidon/workflows/casa-wind-workflow-full/submit/poseidon/pegasus/casa-wind-full/run0463/00/00/unzip_ID0000116.meta,/mnt/poseidon-data/poseidon/workflows/casa-wind-workflow-full/submit/poseidon/pegasus/casa-wind-full/run0463/00/00/unzip_ID0000101.meta,/mnt/poseidon-data/poseidon/workflows/casa-wind-workflow-full/submit/poseidon/pegasus/casa-wind-full/run0463/00/00/unzip_ID0000121.meta,/mnt/poseidon-data/poseidon/workflows/casa-wind-workflow-full/submit/poseidon/pegasus/casa-wind-full/run0463/00/00/unzip_ID0000106.meta,/mnt/poseidon-data/poseidon/workflows/casa-wind-workflow-full/submit/poseidon/pegasus/casa-wind-full/run0463/00/00/unzip_ID0000046.meta,/mnt/poseidon-data/poseidon/workflows/casa-wind-workflow-full/submit/poseidon/pegasus/casa-wind-full/run0463/00/00/unzip_ID0000076.meta,/mnt/poseidon-data/poseidon/workflows/casa-wind-workflow-full/submit/poseidon/pegasus/casa-wind-full/run0463/00/00/unzip_ID0000056.meta,/mnt/poseidon-data/poseidon/workflows/casa-wind-workflow-full/submit/poseidon/pegasus/casa-wind-full/run0463/00/00/unzip_ID0000021.meta,/mnt/poseidon-data/poseidon/workflows/casa-wind-workflow-full/submit/poseidon/pegasus/casa-wind-full/run0463/00/00/unzip_ID0000086.meta,/mnt/poseidon-data/poseidon/workflows/casa-wind-workflow-full/submit/poseidon/pegasus/casa-wind-full/run0463/00/00/unzip_ID0000126.meta,/mnt/poseidon-data/poseidon/workflows/casa-wind-workflow-full/submit/poseidon/pegasus/casa-wind-full/run0463/00/00/unzip_ID0000006.meta,/mnt/poseidon-data/poseidon/workflows/casa-wind-workflow-full/submit/poseidon/pegasus/casa-wind-full/run0463/00/00/unzip_ID0000036.meta,/mnt/poseidon-data/poseidon/workflows/casa-wind-workflow-full/submit/poseidon/pegasus/casa-wind-full/run0463/00/00/unzip_ID0000001.meta,/mnt/poseidon-data/poseidon/workflows/casa-wind-workflow-full/submit/poseidon/pegasus/casa-wind-full/run0463/00/00/unzip_ID0000091.meta --insert /mnt/poseidon-data/poseidon/workflows/casa-wind-workflow-full/submit/poseidon/pegasus/casa-wind-full/run0463/00/00/register_condorpool_0_1.in",3.0,0,0,,,,,,,,,
post_vel_ID0000013,None,compute,0,1694501464.0,,,1694501469.0,1694501481.0,1694501492.0,31352133.4,1694501479.0,1694501509.0,1694501498.0,1694501501.0,3600.0,1694501509.0,1694501514.0,5.0,,10.0,30.0,5.0,11.0,177143937.0,3.0,11040.0,poseidon,condorpool,poseidon-worker-1-container-8-11,post_vel,/opt/netcdf2png/merged_netcdf2png,,0.1,0,0,,,,,,,,,
register_condorpool_0_0,None,auxiliary,0,1694501464.0,,,1694501519.0,,,0.0,1694501520.0,1694501524.0,,,0.0,1694501524.0,1694501529.0,55.0,,1.0,4.0,5.0,,,,,poseidon,local,poseidon-submit,pegasus::rc-client,/mnt/poseidon-data/poseidon/pegasus-5.1.0panorama/bin/pegasus-rc-client,"-n pegasus::rc-client -N null -R local  -L casa-wind-full -T 2023-09-08T07:29:05+00:00 /home/poseidon/pegasus-5.1.0panorama/bin/pegasus-rc-client --prefix pegasus.catalog.replica.output --conf /mnt/poseidon-data/poseidon/workflows/casa-wind-workflow-full/submit/poseidon/pegasus/casa-wind-full/run0463/pegasus.2625688917900921840.properties -v --meta /mnt/poseidon-data/poseidon/workflows/casa-wind-workflow-full/submit/poseidon/pegasus/casa-wind-full/run0463/00/00/unzip_ID0000026.meta,/mnt/poseidon-data/poseidon/workflows/casa-wind-workflow-full/submit/poseidon/pegasus/casa-wind-full/run0463/00/00/unzip_ID0000061.meta,/mnt/poseidon-data/poseidon/workflows/casa-wind-workflow-full/submit/poseidon/pegasus/casa-wind-full/run0463/00/00/unzip_ID0000071.meta,/mnt/poseidon-data/poseidon/workflows/casa-wind-workflow-full/submit/poseidon/pegasus/casa-wind-full/run0463/00/00/unzip_ID0000041.meta,/mnt/poseidon-data/poseidon/workflows/casa-wind-workflow-full/submit/poseidon/pegasus/casa-wind-full/run0463/00/00/unzip_ID0000016.meta,/mnt/poseidon-data/poseidon/workflows/casa-wind-workflow-full/submit/poseidon/pegasus/casa-wind-full/run0463/00/00/unzip_ID0000111.meta,/mnt/poseidon-data/poseidon/workflows/casa-wind-workflow-full/submit/poseidon/pegasus/casa-wind-full/run0463/00/00/unzip_ID0000011.meta,/mnt/poseidon-data/poseidon/workflows/casa-wind-workflow-full/submit/poseidon/pegasus/casa-wind-full/run0463/00/00/unzip_ID0000081.meta,/mnt/poseidon-data/poseidon/workflows/casa-wind-workflow-full/submit/poseidon/pegasus/casa-wind-full/run0463/00/00/unzip_ID0000066.meta,/mnt/poseidon-data/poseidon/workflows/casa-wind-workflow-full/submit/poseidon/pegasus/casa-wind-full/run0463/00/00/unzip_ID0000096.meta,/mnt/poseidon-data/poseidon/workflows/casa-wind-workflow-full/submit/poseidon/pegasus/casa-wind-full/run0463/00/00/unzip_ID0000051.meta,/mnt/poseidon-data/poseidon/workflows/casa-wind-workflow-full/submit/poseidon/pegasus/casa-wind-full/run0463/00/00/unzip_ID0000031.meta,/mnt/poseidon-data/poseidon/workflows/casa-wind-workflow-full/submit/poseidon/pegasus/casa-wind-full/run0463/00/00/unzip_ID0000116.meta,/mnt/poseidon-data/poseidon/workflows/casa-wind-workflow-full/submit/poseidon/pegasus/casa-wind-full/run0463/00/00/unzip_ID0000101.meta,/mnt/poseidon-data/poseidon/workflows/casa-wind-workflow-full/submit/poseidon/pegasus/casa-wind-full/run0463/00/00/unzip_ID0000121.meta,/mnt/poseidon-data/poseidon/workflows/casa-wind-workflow-full/submit/poseidon/pegasus/casa-wind-full/run0463/00/00/unzip_ID0000106.meta,/mnt/poseidon-data/poseidon/workflows/casa-wind-workflow-full/submit/poseidon/pegasus/casa-wind-full/run0463/00/00/unzip_ID0000046.meta,/mnt/poseidon-data/poseidon/workflows/casa-wind-workflow-full/submit/poseidon/pegasus/casa-wind-full/run0463/00/00/unzip_ID0000076.meta,/mnt/poseidon-data/poseidon/workflows/casa-wind-workflow-full/submit/poseidon/pegasus/casa-wind-full/run0463/00/00/unzip_ID0000056.meta,/mnt/poseidon-data/poseidon/workflows/casa-wind-workflow-full/submit/poseidon/pegasus/casa-wind-full/run0463/00/00/unzip_ID0000021.meta,/mnt/poseidon-data/poseidon/workflows/casa-wind-workflow-full/submit/poseidon/pegasus/casa-wind-full/run0463/00/00/unzip_ID0000086.meta,/mnt/poseidon-data/poseidon/workflows/casa-wind-workflow-full/submit/poseidon/pegasus/casa-wind-full/run0463/00/00/unzip_ID0000126.meta,/mnt/poseidon-data/poseidon/workflows/casa-wind-workflow-full/submit/poseidon/pegasus/casa-wind-full/run0463/00/00/unzip_ID0000006.meta,/mnt/poseidon-data/poseidon/workflows/casa-wind-workflow-full/submit/poseidon/pegasus/casa-wind-full/run0463/00/00/unzip_ID0000036.meta,/mnt/poseidon-data/poseidon/workflows/casa-wind-workflow-full/submit/poseidon/pegasus/casa-wind-full/run0463/00/00/unzip_ID0000001.meta,/mnt/poseidon-data/poseidon/workflows/casa-wind-workflow-full/submit/poseidon/pegasus/casa-wind-full/run0463/00/00/unzip_ID0000091.meta --insert /mnt/poseidon-data/poseidon/workflows/casa-wind-workflow-full/submit/poseidon/pegasus/casa-wind-full/run0463/00/00/register_condorpool_0_0.in",3.1,0,0,,,,,,,,,
post_vel_ID0000108,None,compute,0,1694501469.0,,,1694501474.0,1694501481.0,1694501492.0,31986119.0,1694501479.0,1694501509.0,1694501497.0,1694501500.0,4545.0,1694501509.0,1694501514.0,5.0,,5.0,30.0,5.0,11.0,177143937.0,3.0,13907.0,poseidon,condorpool,poseidon-worker-2-container-20-23,post_vel,/opt/netcdf2png/merged_netcdf2png,,0.1,0,0,,,,,,,,,
stage_out_local_condorpool_1_2,None,transfer,0,1694501469.0,,,1694501474.0,,,0.0,1694501474.0,1694501479.0,,,0.0,1694501479.0,1694501484.0,5.0,,0.0,5.0,5.0,,,,,poseidon,local,poseidon-submit,pegasus::transfer,/mnt/poseidon-data/poseidon/pegasus-5.1.0panorama/bin/pegasus-transfer,/home/poseidon/pegasus-5.1.0panorama/bin/../bin/pegasus-kickstart  -n pegasus::transfer -N null -i - -R local  -L casa-wind-full -T 2023-09-08T07:29:05+00:00 /home/poseidon/pegasus-5.1.0panorama/bin/../bin/pegasus-transfer  --threads 2,0.9,0,0,,,,,,,,,
post_vel_ID0000063,None,compute,0,1694501469.0,,,1694501474.0,1694501481.0,1694501493.0,26046617.7,1694501479.0,1694501509.0,1694501498.0,1694501501.0,3763.0,1694501509.0,1694501514.0,5.0,,5.0,30.0,5.0,12.0,177143937.0,3.0,11628.0,poseidon,condorpool,poseidon-worker-1-container-44-47,post_vel,/opt/netcdf2png/merged_netcdf2png,,0.1,0,0,,,,,,,,,
mvt_ID0000064,cpu_3,compute,0,1694501469.0,,,1694501474.0,1694501483.0,1694501494.0,33868219.4,1694501481.0,1694501590.0,1694501578.0,1694501581.0,10263.0,1694501590.0,1694501595.0,5.0,,7.0,109.0,5.0,11.0,177143652.0,3.0,31148.0,poseidon,condorpool,poseidon-worker-1-container-28-31,mvt,/opt/mvt/mvt,,39.2,0,0,0.0,837150.0,16384.0,554.0,4.0,34.9,0.1,11959.3,546.1
mvt_ID0000109,cpu_3,compute,0,1694501469.0,,,1694501474.0,1694501488.0,1694501501.0,33539366.0,1694501483.0,1694501570.0,1694501558.0,1694501562.0,19639.0,1694501570.0,1694501575.0,5.0,,9.0,87.0,5.0,13.0,177143652.0,4.0,59954.0,poseidon,condorpool,poseidon-worker-2-container-0-3,mvt,/opt/mvt/mvt,,39.1,0,0,0.0,829446.0,32768.0,524.0,8.0,37.4,0.2,16588.9,1092.3
register_condorpool_1_0,None,auxiliary,0,1694501474.0,,,1694501479.0,,,0.0,1694501479.0,1694501484.0,,,0.0,1694501484.0,1694501489.0,5.0,,0.0,5.0,5.0,,,,,poseidon,local,poseidon-submit,pegasus::rc-client,/mnt/poseidon-data/poseidon/pegasus-5.1.0panorama/bin/pegasus-rc-client,"-n pegasus::rc-client -N null -R local  -L casa-wind-full -T 2023-09-08T07:29:05+00:00 /home/poseidon/pegasus-5.1.0panorama/bin/pegasus-rc-client --prefix pegasus.catalog.replica.output --conf /mnt/poseidon-data/poseidon/workflows/casa-wind-workflow-full/submit/poseidon/pegasus/casa-wind-full/run0463/pegasus.2625688917900921840.properties -v --meta /mnt/poseidon-data/poseidon/workflows/casa-wind-workflow-full/submit/poseidon/pegasus/casa-wind-full/run0463/00/01/um_vel_ID0000067.meta,/mnt/poseidon-data/poseidon/workflows/casa-wind-workflow-full/submit/poseidon/pegasus/casa-wind-full/run0463/00/00/um_vel_ID0000127.meta,/mnt/poseidon-data/poseidon/workflows/casa-wind-workflow-full/submit/poseidon/pegasus/casa-wind-full/run0463/00/00/um_vel_ID0000122.meta,/mnt/poseidon-data/poseidon/workflows/casa-wind-workflow-full/submit/poseidon/pegasus/casa-wind-full/run0463/00/00/um_vel_ID0000092.meta,/mnt/poseidon-data/poseidon/workflows/casa-wind-workflow-full/submit/poseidon/pegasus/casa-wind-full/run0463/00/01/um_vel_ID0000077.meta,/mnt/poseidon-data/poseidon/workflows/casa-wind-workflow-full/submit/poseidon/pegasus/casa-wind-full/run0463/00/01/um_vel_ID0000057.meta,/mnt/poseidon-data/poseidon/workflows/casa-wind-workflow-full/submit/poseidon/pegasus/casa-wind-full/run0463/00/00/um_vel_ID0000027.meta,/mnt/poseidon-data/poseidon/workflows/casa-wind-workflow-full/submit/poseidon/pegasus/casa-wind-full/run0463/00/01/um_vel_ID0000042.meta,/mnt/poseidon-data/poseidon/workflows/casa-wind-workflow-full/submit/poseidon/pegasus/casa-wind-full/run0463/00/00/um_vel_ID0000022.meta --insert /mnt/poseidon-data/poseidon/workflows/casa-wind-workflow-full/submit/poseidon/pegasus/casa-wind-full/run0463/00/01/register_condorpool_1_0.in",2.8,0,0,,,,,,,,,
register_condorpool_1_1,None,auxiliary,0,1694501484.0,,,1694501489.0,,,0.0,1694501490.0,1694501494.0,,,0.0,1694501494.0,1694501499.0,5.0,,1.0,4.0,5.0,,,,,poseidon,local,poseidon-submit,pegasus::rc-client,/mnt/poseidon-data/poseidon/pegasus-5.1.0panorama/bin/pegasus-rc-client,"-n pegasus::rc-client -N null -R local  -L casa-wind-full -T 2023-09-08T07:29:05+00:00 /home/poseidon/pegasus-5.1.0panorama/bin/pegasus-rc-client --prefix pegasus.catalog.replica.output --conf /mnt/poseidon-data/poseidon/workflows/casa-wind-workflow-full/submit/poseidon/pegasus/casa-wind-full/run0463/pegasus.2625688917900921840.properties -v --meta /mnt/poseidon-data/poseidon/workflows/casa-wind-workflow-full/submit/poseidon/pegasus/casa-wind-full/run0463/00/00/um_vel_ID0000017.meta,/mnt/poseidon-data/poseidon/workflows/casa-wind-workflow-full/submit/poseidon/pegasus/casa-wind-full/run0463/00/01/um_vel_ID0000037.meta,/mnt/poseidon-data/poseidon/workflows/casa-wind-workflow-full/submit/poseidon/pegasus/casa-wind-full/run0463/00/00/um_vel_ID0000082.meta,/mnt/poseidon-data/poseidon/workflows/casa-wind-workflow-full/submit/poseidon/pegasus/casa-wind-full/run0463/00/00/um_vel_ID0000097.meta,/mnt/poseidon-data/poseidon/workflows/casa-wind-workflow-full/submit/poseidon/pegasus/casa-wind-full/run0463/00/01/um_vel_ID0000047.meta,/mnt/poseidon-data/poseidon/workflows/casa-wind-workflow-full/submit/poseidon/pegasus/casa-wind-full/run0463/00/00/um_vel_ID0000087.meta,/mnt/poseidon-data/poseidon/workflows/casa-wind-workflow-full/submit/poseidon/pegasus/casa-wind-full/run0463/00/01/um_vel_ID0000007.meta,/mnt/poseidon-data/poseidon/workflows/casa-wind-workflow-full/submit/poseidon/pegasus/casa-wind-full/run0463/00/01/um_vel_ID0000072.meta,/mnt/poseidon-data/poseidon/workflows/casa-wind-workflow-full/submit/poseidon/pegasus/casa-wind-full/run0463/00/01/um_vel_ID0000102.meta --insert /mnt/poseidon-data/poseidon/workflows/casa-wind-workflow-full/submit/poseidon/pegasus/casa-wind-full/run0463/00/01/register_condorpool_1_1.in",2.8,0,0,,,,,,,,,
register_condorpool_1_2,None,auxiliary,0,1694501484.0,,,1694501499.0,,,0.0,1694501499.0,1694501504.0,,,0.0,1694501504.0,1694501509.0,15.0,,0.0,5.0,5.0,,,,,poseidon,local,poseidon-submit,pegasus::rc-client,/mnt/poseidon-data/poseidon/pegasus-5.1.0panorama/bin/pegasus-rc-client,"-n pegasus::rc-client -N null -R local  -L casa-wind-full -T 2023-09-08T07:29:05+00:00 /home/poseidon/pegasus-5.1.0panorama/bin/pegasus-rc-client --prefix pegasus.catalog.replica.output --conf /mnt/poseidon-data/poseidon/workflows/casa-wind-workflow-full/submit/poseidon/pegasus/casa-wind-full/run0463/pegasus.2625688917900921840.properties -v --meta /mnt/poseidon-data/poseidon/workflows/casa-wind-workflow-full/submit/poseidon/pegasus/casa-wind-full/run0463/00/00/um_vel_ID0000117.meta,/mnt/poseidon-data/poseidon/workflows/casa-wind-workflow-full/submit/poseidon/pegasus/casa-wind-full/run0463/00/01/um_vel_ID0000052.meta,/mnt/poseidon-data/poseidon/workflows/casa-wind-workflow-full/submit/poseidon/pegasus/casa-wind-full/run0463/00/00/um_vel_ID0000002.meta,/mnt/poseidon-data/poseidon/workflows/casa-wind-workflow-full/submit/poseidon/pegasus/casa-wind-full/run0463/00/00/um_vel_ID0000012.meta,/mnt/poseidon-data/poseidon/workflows/casa-wind-workflow-full/submit/poseidon/pegasus/casa-wind-full/run0463/00/00/um_vel_ID0000032.meta,/mnt/poseidon-data/poseidon/workflows/casa-wind-workflow-full/submit/poseidon/pegasus/casa-wind-full/run0463/00/01/um_vel_ID0000062.meta,/mnt/poseidon-data/poseidon/workflows/casa-wind-workflow-full/submit/poseidon/pegasus/casa-wind-full/run0463/00/01/um_vel_ID0000112.meta,/mnt/poseidon-data/poseidon/workflows/casa-wind-workflow-full/submit/poseidon/pegasus/casa-wind-full/run0463/00/01/um_vel_ID0000107.meta --insert /mnt/poseidon-data/poseidon/workflows/casa-wind-workflow-full/submit/poseidon/pegasus/casa-wind-full/run0463/00/01/register_condorpool_1_2.in",2.7,0,0,,,,,,,,,
point_alert_ID0000090,None,compute,0,1694501529.0,,,1694501534.0,1694501537.0,1694501548.0,34251835.4,1694501535.0,1694501565.0,1694501553.0,1694501556.0,6582.0,1694501565.0,1694501570.0,5.0,,1.0,30.0,5.0,11.0,176656458.0,3.0,20638.0,poseidon,condorpool,poseidon-worker-2-container-32-35,point_alert,/opt/pointAlert/pointAlert,,0.0,0,0,,,,,,,,,
point_alert_ID0000100,None,compute,0,1694501529.0,,,1694501534.0,1694501537.0,1694501548.0,34504613.8,1694501535.0,1694501565.0,1694501553.0,1694501556.0,6479.0,1694501565.0,1694501570.0,5.0,,1.0,30.0,5.0,11.0,176658101.0,3.0,20638.0,poseidon,condorpool,poseidon-worker-1-container-8-11,point_alert,/opt/pointAlert/pointAlert,,0.0,0,0,,,,,,,,,
point_alert_ID0000060,None,compute,0,1694501529.0,,,1694501534.0,1694501537.0,1694501548.0,32849046.8,1694501535.0,1694501565.0,1694501553.0,1694501556.0,6828.0,1694501565.0,1694501570.0,5.0,,1.0,30.0,5.0,11.0,176636147.0,3.0,20878.0,poseidon,condorpool,poseidon-worker-2-container-36-39,point_alert,/opt/pointAlert/pointAlert,,0.0,0,0,,,,,,,,,
point_alert_ID0000050,None,compute,0,1694501529.0,,,1694501534.0,1694501537.0,1694501548.0,29922618.0,1694501535.0,1694501565.0,1694501553.0,1694501556.0,6808.0,1694501565.0,1694501570.0,5.0,,1.0,30.0,5.0,11.0,176632091.0,3.0,20878.0,poseidon,condorpool,poseidon-worker-2-container-40-43,point_alert,/opt/pointAlert/pointAlert,,0.0,0,0,,,,,,,,,
point_alert_ID0000045,cpu_3,compute,0,1694501529.0,,,1694501534.0,1694501537.0,1694501548.0,29624592.0,1694501535.0,1694501565.0,1694501553.0,1694501556.0,6586.0,1694501565.0,1694501570.0,5.0,,1.0,30.0,5.0,11.0,176636096.0,3.0,20798.0,poseidon,condorpool,poseidon-worker-2-container-16-19,point_alert,/opt/pointAlert/pointAlert,,0.0,0,0,,,,,,,,,
point_alert_ID0000020,cpu_3,compute,0,1694501534.0,,,1694501539.0,1694501542.0,1694501553.0,34098273.6,1694501541.0,1694501570.0,1694501558.0,1694501561.0,6703.0,1694501570.0,1694501575.0,5.0,,2.0,29.0,5.0,11.0,176644228.0,3.0,20478.0,poseidon,condorpool,poseidon-worker-1-container-0-3,point_alert,/opt/pointAlert/pointAlert,,0.0,0,0,,,,,,,,,
point_alert_ID0000075,cpu_3,compute,0,1694501534.0,,,1694501539.0,1694501545.0,1694501558.0,33580162.8,1694501541.0,1694501575.0,1694501563.0,1694501566.0,6690.0,1694501575.0,1694501580.0,5.0,,2.0,34.0,5.0,13.0,176646838.0,3.0,20558.0,poseidon,condorpool,poseidon-worker-2-container-0-3,point_alert,/opt/pointAlert/pointAlert,,0.0,0,0,,,,,,,,,
point_alert_ID0000125,None,compute,0,1694501534.0,,,1694501539.0,1694501542.0,1694501553.0,34257637.8,1694501541.0,1694501570.0,1694501559.0,1694501562.0,7395.0,1694501570.0,1694501575.0,5.0,,2.0,29.0,5.0,11.0,176678547.0,3.0,22878.0,poseidon,condorpool,poseidon-worker-2-container-24-27,point_alert,/opt/pointAlert/pointAlert,,0.0,0,0,,,,,,,,,
point_alert_ID0000105,None,compute,0,1694501539.0,,,1694501544.0,1694501547.0,1694501558.0,29344521.8,1694501545.0,1694501575.0,1694501563.0,1694501567.0,6947.0,1694501575.0,1694501580.0,5.0,,1.0,30.0,5.0,11.0,176667573.0,4.0,21278.0,poseidon,condorpool,poseidon-worker-1-container-44-47,point_alert,/opt/pointAlert/pointAlert,,0.0,0,0,,,,,,,,,
point_alert_ID0000055,cpu_3,compute,0,1694501539.0,,,1694501544.0,1694501549.0,1694501561.0,33455964.0,1694501545.0,1694501575.0,1694501566.0,1694501569.0,6796.0,1694501575.0,1694501580.0,5.0,,1.0,30.0,5.0,12.0,176636535.0,3.0,20638.0,poseidon,condorpool,poseidon-worker-2-container-4-7,point_alert,/opt/pointAlert/pointAlert,,0.0,0,0,,,,,,,,,
stage_out_local_condorpool_2_4,None,transfer,0,1694501539.0,,,1694501544.0,,,0.0,1694501545.0,1694501554.0,,,0.0,1694501554.0,1694501560.0,5.0,,1.0,9.0,6.0,,,,,poseidon,local,poseidon-submit,pegasus::transfer,/mnt/poseidon-data/poseidon/pegasus-5.1.0panorama/bin/pegasus-transfer,/home/poseidon/pegasus-5.1.0panorama/bin/../bin/pegasus-kickstart  -n pegasus::transfer -N null -i - -R local  -L casa-wind-full -T 2023-09-08T07:29:05+00:00 /home/poseidon/pegasus-5.1.0panorama/bin/../bin/pegasus-transfer  --threads 2,0.8,0,0,,,,,,,,,
point_alert_ID0000095,None,compute,0,1694501539.0,,,1694501544.0,1694501547.0,1694501558.0,29415865.2,1694501545.0,1694501575.0,1694501563.0,1694501567.0,6684.0,1694501575.0,1694501580.0,5.0,,1.0,30.0,5.0,11.0,176660390.0,4.0,20718.0,poseidon,condorpool,poseidon-worker-1-container-44-47,point_alert,/opt/pointAlert/pointAlert,,0.0,0,0,,,,,,,,,
point_alert_ID0000080,None,compute,0,1694501544.0,,,1694501549.0,1694501552.0,1694501563.0,29571113.5,1694501550.0,1694501580.0,1694501568.0,1694501571.0,6817.0,1694501580.0,1694501585.0,5.0,,1.0,30.0,5.0,11.0,176653320.0,3.0,20718.0,poseidon,condorpool,poseidon-worker-1-container-32-35,point_alert,/opt/pointAlert/pointAlert,,0.0,0,0,,,,,,,,,
point_alert_ID0000120,None,compute,0,1694501549.0,,,1694501554.0,1694501557.0,1694501568.0,33805540.8,1694501555.0,1694501585.0,1694501574.0,1694501577.0,7221.0,1694501585.0,1694501590.0,5.0,,1.0,30.0,5.0,11.0,176673508.0,3.0,21998.0,poseidon,condorpool,poseidon-worker-1-container-16-19,point_alert,/opt/pointAlert/pointAlert,,0.0,0,0,,,,,,,,,
point_alert_ID0000070,None,compute,0,1694501549.0,,,1694501554.0,1694501557.0,1694501568.0,29913267.0,1694501555.0,1694501585.0,1694501574.0,1694501577.0,6802.0,1694501585.0,1694501590.0,5.0,,1.0,30.0,5.0,11.0,176643292.0,3.0,20558.0,poseidon,condorpool,poseidon-worker-1-container-20-23,point_alert,/opt/pointAlert/pointAlert,,0.0,0,0,,,,,,,,,
stage_out_local_condorpool_2_2,None,transfer,0,1694501554.0,,,1694501560.0,,,0.0,1694501560.0,1694501565.0,,,0.0,1694501565.0,1694501570.0,6.0,,0.0,5.0,5.0,,,,,poseidon,local,poseidon-submit,pegasus::transfer,/mnt/poseidon-data/poseidon/pegasus-5.1.0panorama/bin/pegasus-transfer,/home/poseidon/pegasus-5.1.0panorama/bin/../bin/pegasus-kickstart  -n pegasus::transfer -N null -i - -R local  -L casa-wind-full -T 2023-09-08T07:29:05+00:00 /home/poseidon/pegasus-5.1.0panorama/bin/../bin/pegasus-transfer  --threads 2,1.0,0,0,,,,,,,,,
stage_out_local_condorpool_2_3,None,transfer,0,1694501554.0,,,1694501560.0,,,0.0,1694501560.0,1694501565.0,,,0.0,1694501565.0,1694501570.0,6.0,,0.0,5.0,5.0,,,,,poseidon,local,poseidon-submit,pegasus::transfer,/mnt/poseidon-data/poseidon/pegasus-5.1.0panorama/bin/pegasus-transfer,/home/poseidon/pegasus-5.1.0panorama/bin/../bin/pegasus-kickstart  -n pegasus::transfer -N null -i - -R local  -L casa-wind-full -T 2023-09-08T07:29:05+00:00 /home/poseidon/pegasus-5.1.0panorama/bin/../bin/pegasus-transfer  --threads 2,1.0,0,0,,,,,,,,,
point_alert_ID0000010,None,compute,0,1694501554.0,,,1694501560.0,1694501562.0,1694501573.0,29641970.0,1694501561.0,1694501590.0,1694501579.0,1694501582.0,6669.0,1694501590.0,1694501595.0,6.0,,1.0,29.0,5.0,11.0,176643412.0,3.0,20478.0,poseidon,condorpool,poseidon-worker-1-container-4-7,point_alert,/opt/pointAlert/pointAlert,,0.0,0,0,,,,,,,,,
stage_out_local_condorpool_2_1,None,transfer,0,1694501554.0,,,1694501560.0,,,0.0,1694501560.0,1694501565.0,,,0.0,1694501565.0,1694501570.0,6.0,,0.0,5.0,5.0,,,,,poseidon,local,poseidon-submit,pegasus::transfer,/mnt/poseidon-data/poseidon/pegasus-5.1.0panorama/bin/pegasus-transfer,/home/poseidon/pegasus-5.1.0panorama/bin/../bin/pegasus-kickstart  -n pegasus::transfer -N null -i - -R local  -L casa-wind-full -T 2023-09-08T07:29:05+00:00 /home/poseidon/pegasus-5.1.0panorama/bin/../bin/pegasus-transfer  --threads 2,1.0,0,0,,,,,,,,,
point_alert_ID0000030,None,compute,0,1694501554.0,,,1694501560.0,1694501562.0,1694501574.0,29746265.6,1694501561.0,1694501590.0,1694501579.0,1694501582.0,6543.0,1694501590.0,1694501595.0,6.0,,1.0,29.0,5.0,12.0,176646324.0,3.0,20158.0,poseidon,condorpool,poseidon-worker-2-container-40-43,point_alert,/opt/pointAlert/pointAlert,,0.0,0,0,,,,,,,,,
point_alert_ID0000085,None,compute,0,1694501554.0,,,1694501560.0,1694501564.0,1694501575.0,29614562.5,1694501563.0,1694501590.0,1694501580.0,1694501583.0,6902.0,1694501590.0,1694501595.0,6.0,,3.0,27.0,5.0,11.0,176655981.0,3.0,21118.0,poseidon,condorpool,poseidon-worker-1-container-8-11,point_alert,/opt/pointAlert/pointAlert,,0.0,0,0,,,,,,,,,
point_alert_ID0000130,None,compute,0,1694501554.0,,,1694501560.0,1694501562.0,1694501573.0,29881213.5,1694501561.0,1694501590.0,1694501579.0,1694501582.0,7386.0,1694501590.0,1694501595.0,6.0,,1.0,29.0,5.0,11.0,176672472.0,3.0,23118.0,poseidon,condorpool,poseidon-worker-2-container-44-47,point_alert,/opt/pointAlert/pointAlert,,0.0,0,0,,,,,,,,,
point_alert_ID0000035,None,compute,0,1694501554.0,,,1694501560.0,1694501562.0,1694501573.0,33668038.4,1694501561.0,1694501590.0,1694501579.0,1694501582.0,6430.0,1694501590.0,1694501595.0,6.0,,1.0,29.0,5.0,11.0,176638959.0,3.0,20078.0,poseidon,condorpool,poseidon-worker-1-container-12-15,point_alert,/opt/pointAlert/pointAlert,,0.0,0,0,,,,,,,,,
point_alert_ID0000115,None,compute,0,1694501554.0,,,1694501560.0,1694501564.0,1694501575.0,34836203.0,1694501563.0,1694501590.0,1694501580.0,1694501583.0,7113.0,1694501590.0,1694501595.0,6.0,,3.0,27.0,5.0,11.0,176681217.0,3.0,21598.0,poseidon,condorpool,poseidon-worker-2-container-32-35,point_alert,/opt/pointAlert/pointAlert,,0.0,0,0,,,,,,,,,
point_alert_ID0000040,None,compute,0,1694501554.0,,,1694501560.0,1694501562.0,1694501573.0,29637155.0,1694501561.0,1694501590.0,1694501579.0,1694501582.0,6656.0,1694501590.0,1694501595.0,6.0,,1.0,29.0,5.0,11.0,176642369.0,3.0,20558.0,poseidon,condorpool,poseidon-worker-1-container-40-43,point_alert,/opt/pointAlert/pointAlert,,0.0,0,0,,,,,,,,,
point_alert_ID0000025,None,compute,0,1694501554.0,,,1694501560.0,1694501562.0,1694501573.0,29610242.0,1694501561.0,1694501590.0,1694501579.0,1694501582.0,6498.0,1694501590.0,1694501595.0,6.0,,1.0,29.0,5.0,11.0,176638688.0,3.0,20078.0,poseidon,condorpool,poseidon-worker-2-container-24-27,point_alert,/opt/pointAlert/pointAlert,,0.0,0,0,,,,,,,,,
stage_out_local_condorpool_2_0,None,transfer,0,1694501554.0,,,1694501560.0,,,0.0,1694501560.0,1694501565.0,,,0.0,1694501565.0,1694501570.0,6.0,,0.0,5.0,5.0,,,,,poseidon,local,poseidon-submit,pegasus::transfer,/mnt/poseidon-data/poseidon/pegasus-5.1.0panorama/bin/pegasus-transfer,/home/poseidon/pegasus-5.1.0panorama/bin/../bin/pegasus-kickstart  -n pegasus::transfer -N null -i - -R local  -L casa-wind-full -T 2023-09-08T07:29:05+00:00 /home/poseidon/pegasus-5.1.0panorama/bin/../bin/pegasus-transfer  --threads 2,1.0,0,0,,,,,,,,,
register_condorpool_2_4,None,auxiliary,0,1694501560.0,,,1694501565.0,,,0.0,1694501565.0,1694501570.0,,,0.0,1694501570.0,1694501575.0,5.0,,0.0,5.0,5.0,,,,,poseidon,local,poseidon-submit,pegasus::rc-client,/mnt/poseidon-data/poseidon/pegasus-5.1.0panorama/bin/pegasus-rc-client,"-n pegasus::rc-client -N null -R local  -L casa-wind-full -T 2023-09-08T07:29:05+00:00 /home/poseidon/pegasus-5.1.0panorama/bin/pegasus-rc-client --prefix pegasus.catalog.replica.output --conf /mnt/poseidon-data/poseidon/workflows/casa-wind-workflow-full/submit/poseidon/pegasus/casa-wind-full/run0463/pegasus.2625688917900921840.properties -v --meta /mnt/poseidon-data/poseidon/workflows/casa-wind-workflow-full/submit/poseidon/pegasus/casa-wind-full/run0463/00/02/post_vel_ID0000108.meta,/mnt/poseidon-data/poseidon/workflows/casa-wind-workflow-full/submit/poseidon/pegasus/casa-wind-full/run0463/00/01/post_vel_ID0000063.meta,/mnt/poseidon-data/poseidon/workflows/casa-wind-workflow-full/submit/poseidon/pegasus/casa-wind-full/run0463/00/01/post_vel_ID0000013.meta,/mnt/poseidon-data/poseidon/workflows/casa-wind-workflow-full/submit/poseidon/pegasus/casa-wind-full/run0463/00/02/mvt_ID0000054.meta,/mnt/poseidon-data/poseidon/workflows/casa-wind-workflow-full/submit/poseidon/pegasus/casa-wind-full/run0463/00/01/post_vel_ID0000033.meta,/mnt/poseidon-data/poseidon/workflows/casa-wind-workflow-full/submit/poseidon/pegasus/casa-wind-full/run0463/00/02/post_vel_ID0000113.meta,/mnt/poseidon-data/poseidon/workflows/casa-wind-workflow-full/submit/poseidon/pegasus/casa-wind-full/run0463/00/01/post_vel_ID0000003.meta,/mnt/poseidon-data/poseidon/workflows/casa-wind-workflow-full/submit/poseidon/pegasus/casa-wind-full/run0463/00/01/post_vel_ID0000118.meta --insert /mnt/poseidon-data/poseidon/workflows/casa-wind-workflow-full/submit/poseidon/pegasus/casa-wind-full/run0463/00/02/register_condorpool_2_4.in",2.8,0,0,,,,,,,,,
register_condorpool_2_3,None,auxiliary,0,1694501570.0,,,1694501575.0,,,0.0,1694501576.0,1694501580.0,,,0.0,1694501580.0,1694501585.0,5.0,,1.0,4.0,5.0,,,,,poseidon,local,poseidon-submit,pegasus::rc-client,/mnt/poseidon-data/poseidon/pegasus-5.1.0panorama/bin/pegasus-rc-client,"-n pegasus::rc-client -N null -R local  -L casa-wind-full -T 2023-09-08T07:29:05+00:00 /home/poseidon/pegasus-5.1.0panorama/bin/pegasus-rc-client --prefix pegasus.catalog.replica.output --conf /mnt/poseidon-data/poseidon/workflows/casa-wind-workflow-full/submit/poseidon/pegasus/casa-wind-full/run0463/pegasus.2625688917900921840.properties -v --meta /mnt/poseidon-data/poseidon/workflows/casa-wind-workflow-full/submit/poseidon/pegasus/casa-wind-full/run0463/00/01/mvt_ID0000084.meta,/mnt/poseidon-data/poseidon/workflows/casa-wind-workflow-full/submit/poseidon/pegasus/casa-wind-full/run0463/00/02/post_vel_ID0000103.meta,/mnt/poseidon-data/poseidon/workflows/casa-wind-workflow-full/submit/poseidon/pegasus/casa-wind-full/run0463/00/01/post_vel_ID0000098.meta,/mnt/poseidon-data/poseidon/workflows/casa-wind-workflow-full/submit/poseidon/pegasus/casa-wind-full/run0463/00/02/post_vel_ID0000048.meta,/mnt/poseidon-data/poseidon/workflows/casa-wind-workflow-full/submit/poseidon/pegasus/casa-wind-full/run0463/00/01/mvt_ID0000009.meta,/mnt/poseidon-data/poseidon/workflows/casa-wind-workflow-full/submit/poseidon/pegasus/casa-wind-full/run0463/00/01/post_vel_ID0000018.meta,/mnt/poseidon-data/poseidon/workflows/casa-wind-workflow-full/submit/poseidon/pegasus/casa-wind-full/run0463/00/01/mvt_ID0000089.meta,/mnt/poseidon-data/poseidon/workflows/casa-wind-workflow-full/submit/poseidon/pegasus/casa-wind-full/run0463/00/02/mvt_ID0000074.meta,/mnt/poseidon-data/poseidon/workflows/casa-wind-workflow-full/submit/poseidon/pegasus/casa-wind-full/run0463/00/02/post_vel_ID0000038.meta --insert /mnt/poseidon-data/poseidon/workflows/casa-wind-workflow-full/submit/poseidon/pegasus/casa-wind-full/run0463/00/02/register_condorpool_2_3.in",2.8,0,0,,,,,,,,,
register_condorpool_2_2,None,auxiliary,0,1694501570.0,,,1694501605.0,,,0.0,1694501606.0,1694501610.0,,,0.0,1694501610.0,1694501615.0,35.0,,1.0,4.0,5.0,,,,,poseidon,local,poseidon-submit,pegasus::rc-client,/mnt/poseidon-data/poseidon/pegasus-5.1.0panorama/bin/pegasus-rc-client,"-n pegasus::rc-client -N null -R local  -L casa-wind-full -T 2023-09-08T07:29:05+00:00 /home/poseidon/pegasus-5.1.0panorama/bin/pegasus-rc-client --prefix pegasus.catalog.replica.output --conf /mnt/poseidon-data/poseidon/workflows/casa-wind-workflow-full/submit/poseidon/pegasus/casa-wind-full/run0463/pegasus.2625688917900921840.properties -v --meta /mnt/poseidon-data/poseidon/workflows/casa-wind-workflow-full/submit/poseidon/pegasus/casa-wind-full/run0463/00/02/post_vel_ID0000073.meta,/mnt/poseidon-data/poseidon/workflows/casa-wind-workflow-full/submit/poseidon/pegasus/casa-wind-full/run0463/00/02/mvt_ID0000039.meta,/mnt/poseidon-data/poseidon/workflows/casa-wind-workflow-full/submit/poseidon/pegasus/casa-wind-full/run0463/00/01/mvt_ID0000099.meta,/mnt/poseidon-data/poseidon/workflows/casa-wind-workflow-full/submit/poseidon/pegasus/casa-wind-full/run0463/00/01/post_vel_ID0000008.meta,/mnt/poseidon-data/poseidon/workflows/casa-wind-workflow-full/submit/poseidon/pegasus/casa-wind-full/run0463/00/02/mvt_ID0000049.meta,/mnt/poseidon-data/poseidon/workflows/casa-wind-workflow-full/submit/poseidon/pegasus/casa-wind-full/run0463/00/01/mvt_ID0000019.meta,/mnt/poseidon-data/poseidon/workflows/casa-wind-workflow-full/submit/poseidon/pegasus/casa-wind-full/run0463/00/02/mvt_ID0000104.meta,/mnt/poseidon-data/poseidon/workflows/casa-wind-workflow-full/submit/poseidon/pegasus/casa-wind-full/run0463/00/01/post_vel_ID0000083.meta,/mnt/poseidon-data/poseidon/workflows/casa-wind-workflow-full/submit/poseidon/pegasus/casa-wind-full/run0463/00/01/post_vel_ID0000088.meta --insert /mnt/poseidon-data/poseidon/workflows/casa-wind-workflow-full/submit/poseidon/pegasus/casa-wind-full/run0463/00/02/register_condorpool_2_2.in",2.8,0,0,,,,,,,,,
register_condorpool_2_1,None,auxiliary,0,1694501570.0,,,1694501585.0,,,0.0,1694501586.0,1694501590.0,,,0.0,1694501590.0,1694501595.0,15.0,,1.0,4.0,5.0,,,,,poseidon,local,poseidon-submit,pegasus::rc-client,/mnt/poseidon-data/poseidon/pegasus-5.1.0panorama/bin/pegasus-rc-client,"-n pegasus::rc-client -N null -R local  -L casa-wind-full -T 2023-09-08T07:29:05+00:00 /home/poseidon/pegasus-5.1.0panorama/bin/pegasus-rc-client --prefix pegasus.catalog.replica.output --conf /mnt/poseidon-data/poseidon/workflows/casa-wind-workflow-full/submit/poseidon/pegasus/casa-wind-full/run0463/pegasus.2625688917900921840.properties -v --meta /mnt/poseidon-data/poseidon/workflows/casa-wind-workflow-full/submit/poseidon/pegasus/casa-wind-full/run0463/00/01/post_vel_ID0000028.meta,/mnt/poseidon-data/poseidon/workflows/casa-wind-workflow-full/submit/poseidon/pegasus/casa-wind-full/run0463/00/02/post_vel_ID0000043.meta,/mnt/poseidon-data/poseidon/workflows/casa-wind-workflow-full/submit/poseidon/pegasus/casa-wind-full/run0463/00/01/post_vel_ID0000128.meta,/mnt/poseidon-data/poseidon/workflows/casa-wind-workflow-full/submit/poseidon/pegasus/casa-wind-full/run0463/00/01/mvt_ID0000094.meta,/mnt/poseidon-data/poseidon/workflows/casa-wind-workflow-full/submit/poseidon/pegasus/casa-wind-full/run0463/00/01/mvt_ID0000069.meta,/mnt/poseidon-data/poseidon/workflows/casa-wind-workflow-full/submit/poseidon/pegasus/casa-wind-full/run0463/00/02/mvt_ID0000059.meta,/mnt/poseidon-data/poseidon/workflows/casa-wind-workflow-full/submit/poseidon/pegasus/casa-wind-full/run0463/00/01/mvt_ID0000124.meta,/mnt/poseidon-data/poseidon/workflows/casa-wind-workflow-full/submit/poseidon/pegasus/casa-wind-full/run0463/00/01/mvt_ID0000024.meta,/mnt/poseidon-data/poseidon/workflows/casa-wind-workflow-full/submit/poseidon/pegasus/casa-wind-full/run0463/00/02/mvt_ID0000079.meta --insert /mnt/poseidon-data/poseidon/workflows/casa-wind-workflow-full/submit/poseidon/pegasus/casa-wind-full/run0463/00/02/register_condorpool_2_1.in",2.7,0,0,,,,,,,,,
register_condorpool_2_0,None,auxiliary,0,1694501570.0,,,1694501595.0,,,0.0,1694501596.0,1694501600.0,,,0.0,1694501600.0,1694501605.0,25.0,,1.0,4.0,5.0,,,,,poseidon,local,poseidon-submit,pegasus::rc-client,/mnt/poseidon-data/poseidon/pegasus-5.1.0panorama/bin/pegasus-rc-client,"-n pegasus::rc-client -N null -R local  -L casa-wind-full -T 2023-09-08T07:29:05+00:00 /home/poseidon/pegasus-5.1.0panorama/bin/pegasus-rc-client --prefix pegasus.catalog.replica.output --conf /mnt/poseidon-data/poseidon/workflows/casa-wind-workflow-full/submit/poseidon/pegasus/casa-wind-full/run0463/pegasus.2625688917900921840.properties -v --meta /mnt/poseidon-data/poseidon/workflows/casa-wind-workflow-full/submit/poseidon/pegasus/casa-wind-full/run0463/00/01/post_vel_ID0000023.meta,/mnt/poseidon-data/poseidon/workflows/casa-wind-workflow-full/submit/poseidon/pegasus/casa-wind-full/run0463/00/01/post_vel_ID0000093.meta,/mnt/poseidon-data/poseidon/workflows/casa-wind-workflow-full/submit/poseidon/pegasus/casa-wind-full/run0463/00/01/mvt_ID0000129.meta,/mnt/poseidon-data/poseidon/workflows/casa-wind-workflow-full/submit/poseidon/pegasus/casa-wind-full/run0463/00/02/mvt_ID0000044.meta,/mnt/poseidon-data/poseidon/workflows/casa-wind-workflow-full/submit/poseidon/pegasus/casa-wind-full/run0463/00/02/post_vel_ID0000058.meta,/mnt/poseidon-data/poseidon/workflows/casa-wind-workflow-full/submit/poseidon/pegasus/casa-wind-full/run0463/00/01/post_vel_ID0000068.meta,/mnt/poseidon-data/poseidon/workflows/casa-wind-workflow-full/submit/poseidon/pegasus/casa-wind-full/run0463/00/01/post_vel_ID0000123.meta,/mnt/poseidon-data/poseidon/workflows/casa-wind-workflow-full/submit/poseidon/pegasus/casa-wind-full/run0463/00/02/post_vel_ID0000078.meta,/mnt/poseidon-data/poseidon/workflows/casa-wind-workflow-full/submit/poseidon/pegasus/casa-wind-full/run0463/00/01/mvt_ID0000029.meta --insert /mnt/poseidon-data/poseidon/workflows/casa-wind-workflow-full/submit/poseidon/pegasus/casa-wind-full/run0463/00/02/register_condorpool_2_0.in",2.7,0,0,,,,,,,,,
point_alert_ID0000110,None,compute,0,1694501575.0,,,1694501580.0,1694501583.0,1694501594.0,29564475.0,1694501582.0,1694501610.0,1694501599.0,1694501602.0,6781.0,1694501610.0,1694501615.0,5.0,,2.0,28.0,5.0,11.0,176667937.0,3.0,21038.0,poseidon,condorpool,poseidon-worker-1-container-32-35,point_alert,/opt/pointAlert/pointAlert,,0.0,0,0,,,,,,,,,
point_alert_ID0000015,None,compute,0,1694501575.0,,,1694501580.0,1694501583.0,1694501594.0,29602687.0,1694501582.0,1694501610.0,1694501599.0,1694501602.0,6561.0,1694501610.0,1694501615.0,5.0,,2.0,28.0,5.0,11.0,176639974.0,3.0,20558.0,poseidon,condorpool,poseidon-worker-2-container-36-39,point_alert,/opt/pointAlert/pointAlert,,0.0,0,0,,,,,,,,,
point_alert_ID0000065,None,compute,0,1694501595.0,,,1694501600.0,1694501603.0,1694501614.0,29604956.5,1694501601.0,1694501630.0,1694501619.0,1694501622.0,6534.0,1694501630.0,1694501635.0,5.0,,1.0,29.0,5.0,11.0,176639131.0,3.0,20238.0,poseidon,condorpool,poseidon-worker-1-container-20-23,point_alert,/opt/pointAlert/pointAlert,,0.0,0,0,,,,,,,,,
stage_out_local_condorpool_3_0,None,transfer,0,1694501595.0,,,1694501600.0,,,0.0,1694501601.0,1694501605.0,,,0.0,1694501605.0,1694501610.0,5.0,,1.0,4.0,5.0,,,,,poseidon,local,poseidon-submit,pegasus::transfer,/mnt/poseidon-data/poseidon/pegasus-5.1.0panorama/bin/pegasus-transfer,/home/poseidon/pegasus-5.1.0panorama/bin/../bin/pegasus-kickstart  -n pegasus::transfer -N null -i - -R local  -L casa-wind-full -T 2023-09-08T07:29:05+00:00 /home/poseidon/pegasus-5.1.0panorama/bin/../bin/pegasus-transfer  --threads 2,1.0,0,0,,,,,,,,,
point_alert_ID0000005,None,compute,0,1694501595.0,,,1694501600.0,1694501603.0,1694501614.0,29610366.5,1694501601.0,1694501630.0,1694501619.0,1694501622.0,6525.0,1694501630.0,1694501635.0,5.0,,1.0,29.0,5.0,11.0,176636764.0,3.0,20398.0,poseidon,condorpool,poseidon-worker-1-container-8-11,point_alert,/opt/pointAlert/pointAlert,,0.0,0,0,,,,,,,,,
stage_out_local_condorpool_2_5,None,transfer,0,1694501595.0,,,1694501600.0,,,0.0,1694501601.0,1694501605.0,,,0.0,1694501605.0,1694501610.0,5.0,,1.0,4.0,5.0,,,,,poseidon,local,poseidon-submit,pegasus::transfer,/mnt/poseidon-data/poseidon/pegasus-5.1.0panorama/bin/pegasus-transfer,/home/poseidon/pegasus-5.1.0panorama/bin/../bin/pegasus-kickstart  -n pegasus::transfer -N null -i - -R local  -L casa-wind-full -T 2023-09-08T07:29:05+00:00 /home/poseidon/pegasus-5.1.0panorama/bin/../bin/pegasus-transfer  --threads 2,0.9,0,0,,,,,,,,,
stage_out_local_condorpool_3_1,None,transfer,0,1694501595.0,,,1694501600.0,,,0.0,1694501601.0,1694501605.0,,,0.0,1694501605.0,1694501610.0,5.0,,1.0,4.0,5.0,,,,,poseidon,local,poseidon-submit,pegasus::transfer,/mnt/poseidon-data/poseidon/pegasus-5.1.0panorama/bin/pegasus-transfer,/home/poseidon/pegasus-5.1.0panorama/bin/../bin/pegasus-kickstart  -n pegasus::transfer -N null -i - -R local  -L casa-wind-full -T 2023-09-08T07:29:05+00:00 /home/poseidon/pegasus-5.1.0panorama/bin/../bin/pegasus-transfer  --threads 2,1.0,0,0,,,,,,,,,
register_condorpool_2_5,None,auxiliary,0,1694501610.0,,,1694501635.0,,,0.0,1694501636.0,1694501640.0,,,0.0,1694501640.0,1694501645.0,25.0,,1.0,4.0,5.0,,,,,poseidon,local,poseidon-submit,pegasus::rc-client,/mnt/poseidon-data/poseidon/pegasus-5.1.0panorama/bin/pegasus-rc-client,"-n pegasus::rc-client -N null -R local  -L casa-wind-full -T 2023-09-08T07:29:05+00:00 /home/poseidon/pegasus-5.1.0panorama/bin/pegasus-rc-client --prefix pegasus.catalog.replica.output --conf /mnt/poseidon-data/poseidon/workflows/casa-wind-workflow-full/submit/poseidon/pegasus/casa-wind-full/run0463/pegasus.2625688917900921840.properties -v --meta /mnt/poseidon-data/poseidon/workflows/casa-wind-workflow-full/submit/poseidon/pegasus/casa-wind-full/run0463/00/01/mvt_ID0000004.meta,/mnt/poseidon-data/poseidon/workflows/casa-wind-workflow-full/submit/poseidon/pegasus/casa-wind-full/run0463/00/01/mvt_ID0000119.meta,/mnt/poseidon-data/poseidon/workflows/casa-wind-workflow-full/submit/poseidon/pegasus/casa-wind-full/run0463/00/02/post_vel_ID0000053.meta,/mnt/poseidon-data/poseidon/workflows/casa-wind-workflow-full/submit/poseidon/pegasus/casa-wind-full/run0463/00/02/mvt_ID0000114.meta,/mnt/poseidon-data/poseidon/workflows/casa-wind-workflow-full/submit/poseidon/pegasus/casa-wind-full/run0463/00/01/mvt_ID0000034.meta,/mnt/poseidon-data/poseidon/workflows/casa-wind-workflow-full/submit/poseidon/pegasus/casa-wind-full/run0463/00/01/mvt_ID0000014.meta,/mnt/poseidon-data/poseidon/workflows/casa-wind-workflow-full/submit/poseidon/pegasus/casa-wind-full/run0463/00/02/mvt_ID0000109.meta,/mnt/poseidon-data/poseidon/workflows/casa-wind-workflow-full/submit/poseidon/pegasus/casa-wind-full/run0463/00/01/mvt_ID0000064.meta --insert /mnt/poseidon-data/poseidon/workflows/casa-wind-workflow-full/submit/poseidon/pegasus/casa-wind-full/run0463/00/02/register_condorpool_2_5.in",2.9,0,0,,,,,,,,,
register_condorpool_3_0,None,auxiliary,0,1694501610.0,,,1694501615.0,,,0.0,1694501615.0,1694501620.0,,,0.0,1694501620.0,1694501625.0,5.0,,0.0,5.0,5.0,,,,,poseidon,local,poseidon-submit,pegasus::rc-client,/mnt/poseidon-data/poseidon/pegasus-5.1.0panorama/bin/pegasus-rc-client,"-n pegasus::rc-client -N null -R local  -L casa-wind-full -T 2023-09-08T07:29:05+00:00 /home/poseidon/pegasus-5.1.0panorama/bin/pegasus-rc-client --prefix pegasus.catalog.replica.output --conf /mnt/poseidon-data/poseidon/workflows/casa-wind-workflow-full/submit/poseidon/pegasus/casa-wind-full/run0463/pegasus.2625688917900921840.properties -v --meta /mnt/poseidon-data/poseidon/workflows/casa-wind-workflow-full/submit/poseidon/pegasus/casa-wind-full/run0463/00/02/point_alert_ID0000125.meta,/mnt/poseidon-data/poseidon/workflows/casa-wind-workflow-full/submit/poseidon/pegasus/casa-wind-full/run0463/00/02/point_alert_ID0000095.meta,/mnt/poseidon-data/poseidon/workflows/casa-wind-workflow-full/submit/poseidon/pegasus/casa-wind-full/run0463/00/03/point_alert_ID0000060.meta,/mnt/poseidon-data/poseidon/workflows/casa-wind-workflow-full/submit/poseidon/pegasus/casa-wind-full/run0463/00/02/point_alert_ID0000030.meta,/mnt/poseidon-data/poseidon/workflows/casa-wind-workflow-full/submit/poseidon/pegasus/casa-wind-full/run0463/00/02/point_alert_ID0000025.meta,/mnt/poseidon-data/poseidon/workflows/casa-wind-workflow-full/submit/poseidon/pegasus/casa-wind-full/run0463/00/03/point_alert_ID0000045.meta,/mnt/poseidon-data/poseidon/workflows/casa-wind-workflow-full/submit/poseidon/pegasus/casa-wind-full/run0463/00/02/point_alert_ID0000130.meta,/mnt/poseidon-data/poseidon/workflows/casa-wind-workflow-full/submit/poseidon/pegasus/casa-wind-full/run0463/00/02/point_alert_ID0000070.meta,/mnt/poseidon-data/poseidon/workflows/casa-wind-workflow-full/submit/poseidon/pegasus/casa-wind-full/run0463/00/02/point_alert_ID0000080.meta --insert /mnt/poseidon-data/poseidon/workflows/casa-wind-workflow-full/submit/poseidon/pegasus/casa-wind-full/run0463/00/03/register_condorpool_3_0.in",2.8,0,0,,,,,,,,,
register_condorpool_3_1,None,auxiliary,0,1694501610.0,,,1694501625.0,,,0.0,1694501626.0,1694501630.0,,,0.0,1694501630.0,1694501635.0,15.0,,1.0,4.0,5.0,,,,,poseidon,local,poseidon-submit,pegasus::rc-client,/mnt/poseidon-data/poseidon/pegasus-5.1.0panorama/bin/pegasus-rc-client,"-n pegasus::rc-client -N null -R local  -L casa-wind-full -T 2023-09-08T07:29:05+00:00 /home/poseidon/pegasus-5.1.0panorama/bin/pegasus-rc-client --prefix pegasus.catalog.replica.output --conf /mnt/poseidon-data/poseidon/workflows/casa-wind-workflow-full/submit/poseidon/pegasus/casa-wind-full/run0463/pegasus.2625688917900921840.properties -v --meta /mnt/poseidon-data/poseidon/workflows/casa-wind-workflow-full/submit/poseidon/pegasus/casa-wind-full/run0463/00/02/point_alert_ID0000010.meta,/mnt/poseidon-data/poseidon/workflows/casa-wind-workflow-full/submit/poseidon/pegasus/casa-wind-full/run0463/00/02/point_alert_ID0000090.meta,/mnt/poseidon-data/poseidon/workflows/casa-wind-workflow-full/submit/poseidon/pegasus/casa-wind-full/run0463/00/02/point_alert_ID0000085.meta,/mnt/poseidon-data/poseidon/workflows/casa-wind-workflow-full/submit/poseidon/pegasus/casa-wind-full/run0463/00/02/point_alert_ID0000075.meta,/mnt/poseidon-data/poseidon/workflows/casa-wind-workflow-full/submit/poseidon/pegasus/casa-wind-full/run0463/00/02/point_alert_ID0000100.meta,/mnt/poseidon-data/poseidon/workflows/casa-wind-workflow-full/submit/poseidon/pegasus/casa-wind-full/run0463/00/03/point_alert_ID0000040.meta,/mnt/poseidon-data/poseidon/workflows/casa-wind-workflow-full/submit/poseidon/pegasus/casa-wind-full/run0463/00/02/point_alert_ID0000020.meta,/mnt/poseidon-data/poseidon/workflows/casa-wind-workflow-full/submit/poseidon/pegasus/casa-wind-full/run0463/00/03/point_alert_ID0000050.meta,/mnt/poseidon-data/poseidon/workflows/casa-wind-workflow-full/submit/poseidon/pegasus/casa-wind-full/run0463/00/03/point_alert_ID0000105.meta --insert /mnt/poseidon-data/poseidon/workflows/casa-wind-workflow-full/submit/poseidon/pegasus/casa-wind-full/run0463/00/03/register_condorpool_3_1.in",2.9,0,0,,,,,,,,,
stage_out_local_condorpool_3_2,None,transfer,0,1694501635.0,,,1694501640.0,,,0.0,1694501641.0,1694501650.0,,,0.0,1694501650.0,1694501655.0,5.0,,1.0,9.0,5.0,,,,,poseidon,local,poseidon-submit,pegasus::transfer,/mnt/poseidon-data/poseidon/pegasus-5.1.0panorama/bin/pegasus-transfer,/home/poseidon/pegasus-5.1.0panorama/bin/../bin/pegasus-kickstart  -n pegasus::transfer -N null -i - -R local  -L casa-wind-full -T 2023-09-08T07:29:05+00:00 /home/poseidon/pegasus-5.1.0panorama/bin/../bin/pegasus-transfer  --threads 2,0.9,0,0,,,,,,,,,
register_condorpool_3_2,None,auxiliary,0,1694501655.0,,,1694501660.0,,,0.0,1694501660.0,1694501665.0,,,0.0,1694501665.0,1694501670.0,5.0,,0.0,5.0,5.0,,,,,poseidon,local,poseidon-submit,pegasus::rc-client,/mnt/poseidon-data/poseidon/pegasus-5.1.0panorama/bin/pegasus-rc-client,"-n pegasus::rc-client -N null -R local  -L casa-wind-full -T 2023-09-08T07:29:05+00:00 /home/poseidon/pegasus-5.1.0panorama/bin/pegasus-rc-client --prefix pegasus.catalog.replica.output --conf /mnt/poseidon-data/poseidon/workflows/casa-wind-workflow-full/submit/poseidon/pegasus/casa-wind-full/run0463/pegasus.2625688917900921840.properties -v --meta /mnt/poseidon-data/poseidon/workflows/casa-wind-workflow-full/submit/poseidon/pegasus/casa-wind-full/run0463/00/03/point_alert_ID0000110.meta,/mnt/poseidon-data/poseidon/workflows/casa-wind-workflow-full/submit/poseidon/pegasus/casa-wind-full/run0463/00/03/point_alert_ID0000055.meta,/mnt/poseidon-data/poseidon/workflows/casa-wind-workflow-full/submit/poseidon/pegasus/casa-wind-full/run0463/00/02/point_alert_ID0000115.meta,/mnt/poseidon-data/poseidon/workflows/casa-wind-workflow-full/submit/poseidon/pegasus/casa-wind-full/run0463/00/02/point_alert_ID0000120.meta,/mnt/poseidon-data/poseidon/workflows/casa-wind-workflow-full/submit/poseidon/pegasus/casa-wind-full/run0463/00/02/point_alert_ID0000035.meta,/mnt/poseidon-data/poseidon/workflows/casa-wind-workflow-full/submit/poseidon/pegasus/casa-wind-full/run0463/00/02/point_alert_ID0000015.meta,/mnt/poseidon-data/poseidon/workflows/casa-wind-workflow-full/submit/poseidon/pegasus/casa-wind-full/run0463/00/02/point_alert_ID0000065.meta,/mnt/poseidon-data/poseidon/workflows/casa-wind-workflow-full/submit/poseidon/pegasus/casa-wind-full/run0463/00/02/point_alert_ID0000005.meta --insert /mnt/poseidon-data/poseidon/workflows/casa-wind-workflow-full/submit/poseidon/pegasus/casa-wind-full/run0463/00/03/register_condorpool_3_2.in",2.8,0,0,,,,,,,,,
cleanup_casa-wind-full_0_condorpool,None,auxiliary,0,1694501655.0,,,1694501660.0,,,0.0,1694501660.0,1694501665.0,,,0.0,1694501665.0,1694501670.0,5.0,,0.0,5.0,5.0,,,,,poseidon,local,poseidon-submit,pegasus::cleanup,/mnt/poseidon-data/poseidon/pegasus-5.1.0panorama/bin/pegasus-transfer,pegasus-kickstart  -n pegasus::cleanup -N null -i - -R local  -L casa-wind-full -T 2023-09-08T07:29:05+00:00 pegasus-transfer,0.3,0,0,,,,,,,,,
