,anomaly_type,type,is_clustered,ready,pre_script_start,pre_script_end,submit,stage_in_start,stage_in_end,stage_in_effective_bytes_per_sec,execute_start,execute_end,stage_out_start,stage_out_end,stage_out_effective_bytes_per_sec,post_script_start,post_script_end,wms_delay,pre_script_delay,queue_delay,runtime,post_script_delay,stage_in_delay,stage_in_bytes,stage_out_delay,stage_out_bytes,kickstart_user,kickstart_site,kickstart_hostname,kickstart_transformations,kickstart_executables,kickstart_executables_argv,kickstart_executables_cpu_time,kickstart_status,kickstart_executables_exitcode,kickstart_online_iowait,kickstart_online_bytes_read,kickstart_online_bytes_written,kickstart_online_read_system_calls,kickstart_online_write_system_calls,kickstart_online_utime,kickstart_online_stime,kickstart_online_bytes_read_per_second,kickstart_online_bytes_written_per_second
create_dir_1000-genome_0_condorpool,None,auxiliary,0,1663317993.0,,,1663317994.0,,,0.0,1663317999.0,1663318004.0,,,0.0,1663318004.0,1663318009.0,1.0,,5.0,5.0,5.0,,,,,poseidon,local,host-10-100-100-233.openstacklocal,pegasus::dirmanager,/home/poseidon/pegasus-5.1.0panorama/bin/pegasus-transfer,-n pegasus::dirmanager -N null -i - -R local  -L 1000-genome -T 2022-08-03T06:30:23+00:00 /home/poseidon/pegasus-5.1.0panorama/bin/../bin/pegasus-transfer,0.2,0,0,,,,,,,,,
individuals_ID0000047,None,compute,0,1663318009.0,,,1663318015.0,1663318217.0,1663318256.0,25852001.0,1663318035.0,1663319278.0,1663319387.0,1663319392.0,86019.0,1663319278.0,1663319283.0,6.0,,20.0,1243.0,5.0,39.0,1014283276.0,5.0,387965.0,poseidon,condorpool,worker1-container-0-3,individuals,/var/lib/condor/execute/dir_33380/pegasus.VjsffipP6/individuals,,929.0,0,0,0.3,1015580626.0,5885978.0,125913.0,2510.0,919.3,4.5,906768.4,6261.7
individuals_ID0000046,None,compute,0,1663318009.0,,,1663318015.0,1663318179.0,1663318251.0,13963801.0,1663318035.0,1663319278.0,1663319388.0,1663319392.0,77590.0,1663319278.0,1663319283.0,6.0,,20.0,1243.0,5.0,72.0,1014283276.0,4.0,357106.0,poseidon,condorpool,worker1-container-36-39,individuals,/var/lib/condor/execute/dir_22931/pegasus.f6wLU0FyY/individuals,,935.3,0,0,0.2,1025950112.0,5885821.0,130093.0,2531.0,932.4,2.4,907920.5,6261.5
individuals_ID0000045,None,compute,0,1663318009.0,,,1663318015.0,1663318162.0,1663318194.0,31448591.0,1663318035.0,1663319011.0,1663319122.0,1663319127.0,76130.0,1663319011.0,1663319016.0,6.0,,20.0,976.0,5.0,32.0,1014283276.0,5.0,337294.0,poseidon,condorpool,worker2-container-28-31,individuals,/var/lib/condor/execute/dir_39008/pegasus.HBXtkLexQ/individuals,,921.8,0,0,0.0,1015496894.0,4795530.0,125591.0,2519.0,916.7,2.8,1103801.0,5212.5
individuals_ID0000044,hdd_10,compute,0,1663318009.0,,,1663318015.0,1663318217.0,1663318339.0,8340859.0,1663318035.0,1663319348.0,1663319458.0,1663319462.0,102598.0,1663319348.0,1663319353.0,6.0,,20.0,1313.0,5.0,122.0,1014283276.0,4.0,465469.0,poseidon,condorpool,worker1-container-8-11,individuals,/var/lib/condor/execute/dir_28086/pegasus.QVjdZIzQk/individuals,,917.9,0,0,0.7,1015571905.0,6958239.0,125886.0,2515.0,912.4,2.0,914929.6,7482.0
individuals_ID0000049,None,compute,0,1663318009.0,,,1663318015.0,1663318163.0,1663318197.0,29715712.0,1663318035.0,1663319026.0,1663319138.0,1663319143.0,91778.0,1663319026.0,1663319031.0,6.0,,20.0,991.0,5.0,34.0,1014283276.0,5.0,409234.0,poseidon,condorpool,worker2-container-0-3,individuals,/var/lib/condor/execute/dir_44415/pegasus.JI9AfsPD2/individuals,,934.8,0,0,0.0,1015505363.0,6077116.0,125618.0,2497.0,917.8,11.3,1091941.3,6534.5
individuals_ID0000048,None,compute,0,1663318009.0,,,1663318015.0,1663318217.0,1663318250.0,30982748.0,1663318035.0,1663319273.0,1663319382.0,1663319387.0,108546.0,1663319273.0,1663319278.0,6.0,,20.0,1238.0,5.0,33.0,1014283276.0,5.0,488910.0,poseidon,condorpool,worker1-container-12-15,individuals,/var/lib/condor/execute/dir_29602/pegasus.b3PGTTwjt/individuals,,931.6,0,0,0.0,1015581779.0,7029877.0,125913.0,2509.0,923.1,1.9,906769.4,7559.0
individuals_ID0000032,None,compute,0,1663318009.0,,,1663318015.0,1663318162.0,1663318192.0,33297672.0,1663318035.0,1663319016.0,1663319126.0,1663319131.0,73951.0,1663319016.0,1663319021.0,6.0,,20.0,981.0,5.0,30.0,1014283276.0,5.0,325709.0,poseidon,condorpool,worker2-container-24-27,individuals,/var/lib/condor/execute/dir_40953/pegasus.IUROFYqMS/individuals,,927.6,0,0,0.0,1015502542.0,5151601.0,125603.0,2504.0,917.1,2.3,1103807.1,5599.6
individuals_ID0000031,None,compute,0,1663318009.0,,,1663318015.0,1663318162.0,1663318195.0,31078320.0,1663318035.0,1663319051.0,1663319163.0,1663319168.0,57813.0,1663319051.0,1663319056.0,6.0,,20.0,1016.0,5.0,33.0,1014283276.0,5.0,259785.0,poseidon,condorpool,worker2-container-12-15,individuals,/var/lib/condor/execute/dir_51973/pegasus.bK1mYZVqf/individuals,,961.3,0,0,0.0,1015523139.0,4466414.0,125675.0,2518.0,950.6,7.9,1057836.6,4652.5
individuals_ID0000030,None,compute,0,1663318009.0,,,1663318015.0,1663318162.0,1663318197.0,28737971.0,1663318035.0,1663319067.0,1663319176.0,1663319181.0,50059.0,1663319067.0,1663319072.0,6.0,,20.0,1032.0,5.0,35.0,1014283276.0,5.0,221414.0,poseidon,condorpool,worker2-container-20-23,individuals,/var/lib/condor/execute/dir_46853/pegasus.ZkMGpuB9f/individuals,,971.0,0,0,0.1,1015521429.0,3259900.0,125678.0,2517.0,956.5,11.3,1046929.3,3360.7
individuals_ID0000036,None,compute,0,1663318009.0,,,1663318015.0,1663318161.0,1663318193.0,31644842.0,1663318035.0,1663319067.0,1663319180.0,1663319185.0,47321.0,1663319067.0,1663319072.0,6.0,,20.0,1032.0,5.0,32.0,1014283276.0,5.0,216010.0,poseidon,condorpool,worker2-container-32-35,individuals,/var/lib/condor/execute/dir_47492/pegasus.2RjnvNVl5/individuals,,979.7,0,0,0.0,1015530632.0,3895417.0,125705.0,2522.0,966.2,11.9,1036255.7,3974.9
sifting_ID0000104,None,compute,0,1663318009.0,,,1663318015.0,1663318163.0,1663318237.0,22858033.0,1663318035.0,1663318145.0,1663318248.0,1663318253.0,227870.0,1663318145.0,1663318150.0,6.0,,20.0,110.0,5.0,74.0,1708159164.0,5.0,1055195.0,poseidon,condorpool,worker2-container-4-7,sifting,/var/lib/condor/execute/dir_39038/pegasus.TIxMws3zU/sifting,,4.7,0,0,,,,,,,,,
individuals_ID0000035,None,compute,0,1663318009.0,,,1663318015.0,1663318162.0,1663318250.0,11553158.0,1663318035.0,1663319273.0,1663319383.0,1663319387.0,86851.0,1663319273.0,1663319278.0,6.0,,20.0,1238.0,5.0,88.0,1014283276.0,4.0,409833.0,poseidon,condorpool,worker1-container-16-19,individuals,/var/lib/condor/execute/dir_33193/pegasus.YsydivYfI/individuals,,932.3,0,0,0.0,1015581781.0,6788350.0,125913.0,2506.0,922.5,2.6,906769.4,7221.6
individuals_ID0000033,None,compute,0,1663318009.0,,,1663318015.0,1663318162.0,1663318199.0,27313221.0,1663318035.0,1663319056.0,1663319169.0,1663319174.0,91290.0,1663319056.0,1663319062.0,6.0,,20.0,1021.0,6.0,37.0,1014283276.0,5.0,416489.0,poseidon,condorpool,worker2-container-36-39,individuals,/var/lib/condor/execute/dir_54793/pegasus.ywhDApaFY/individuals,,963.6,0,0,0.0,1015517509.0,6603474.0,125663.0,2515.0,958.0,1.5,1057830.7,6878.6
individuals_ID0000039,None,compute,0,1663318009.0,,,1663318015.0,1663318217.0,1663318253.0,28633311.0,1663318035.0,1663319298.0,1663319409.0,1663319414.0,62942.0,1663319298.0,1663319303.0,6.0,,20.0,1263.0,5.0,36.0,1014283276.0,5.0,278696.0,poseidon,condorpool,worker1-container-20-23,individuals,/var/lib/condor/execute/dir_22987/pegasus.nEnmoqvTd/individuals,,955.4,0,0,0.9,1015593168.0,4267682.0,125958.0,2522.0,942.8,11.5,883124.5,4445.5
individuals_ID0000038,None,compute,0,1663318009.0,,,1663318015.0,1663318217.0,1663318271.0,18988733.0,1663318035.0,1663319288.0,1663319398.0,1663319403.0,68097.0,1663319288.0,1663319293.0,6.0,,20.0,1253.0,5.0,54.0,1014283276.0,5.0,303063.0,poseidon,condorpool,worker1-container-36-39,individuals,/var/lib/condor/execute/dir_22929/pegasus.IcIUtlVWq/individuals,,926.4,0,0,0.9,1015570686.0,8045112.0,125889.0,2519.0,922.0,2.1,906759.5,8650.7
individuals_ID0000037,None,compute,0,1663318009.0,,,1663318015.0,1663318162.0,1663318252.0,11220725.0,1663318035.0,1663319273.0,1663319383.0,1663319388.0,61306.0,1663319273.0,1663319278.0,6.0,,20.0,1238.0,5.0,90.0,1014283276.0,5.0,275911.0,poseidon,condorpool,worker1-container-0-3,individuals,/var/lib/condor/execute/dir_33377/pegasus.XYp6VaTcP/individuals,,930.4,0,0,0.2,1015575136.0,5788995.0,125901.0,2510.0,914.4,10.4,906763.5,6224.7
individuals_ID0000021,None,compute,0,1663318009.0,,,1663318015.0,1663318217.0,1663318250.0,31356412.0,1663318035.0,1663319268.0,1663319377.0,1663319382.0,133046.0,1663319268.0,1663319273.0,6.0,,20.0,1233.0,5.0,33.0,1014283276.0,5.0,608828.0,poseidon,condorpool,worker1-container-4-7,individuals,/var/lib/condor/execute/dir_35948/pegasus.2GIm2CJrN/individuals,,926.8,0,0,0.0,1015575328.0,10028205.0,125901.0,2523.0,921.7,3.2,906763.7,10668.3
individuals_ID0000020,None,compute,0,1663318009.0,,,1663318015.0,1663318162.0,1663318246.0,12029602.0,1663318035.0,1663319273.0,1663319384.0,1663319389.0,74799.0,1663319273.0,1663319278.0,6.0,,20.0,1238.0,5.0,84.0,1014283276.0,5.0,338186.0,poseidon,condorpool,worker1-container-28-31,individuals,/var/lib/condor/execute/dir_22922/pegasus.Fy31Zv1ur/individuals,,936.9,0,0,0.1,1015580007.0,5920900.0,125916.0,2519.0,924.6,9.8,898743.4,6232.5
individuals_ID0000025,None,compute,0,1663318009.0,,,1663318015.0,1663318162.0,1663318204.0,24194516.0,1663318035.0,1663319031.0,1663319141.0,1663319146.0,114650.0,1663319031.0,1663319036.0,6.0,,20.0,996.0,5.0,42.0,1014283276.0,5.0,505334.0,poseidon,condorpool,worker2-container-8-11,individuals,/var/lib/condor/execute/dir_29632/pegasus.lDGUfYQeT/individuals,,930.3,0,0,0.0,1015511458.0,7575268.0,125630.0,2522.0,924.5,4.0,1091947.8,8145.4
individuals_ID0000024,None,compute,0,1663318009.0,,,1663318015.0,1663318162.0,1663318198.0,28146812.0,1663318035.0,1663319026.0,1663319135.0,1663319140.0,76676.0,1663319026.0,1663319031.0,6.0,,20.0,991.0,5.0,36.0,1014283276.0,5.0,341045.0,poseidon,condorpool,worker2-container-0-3,individuals,/var/lib/condor/execute/dir_44413/pegasus.3chmcN2kS/individuals,,930.0,0,0,0.0,1015510981.0,6383891.0,125630.0,2522.0,918.2,10.3,1091947.3,6864.4
individuals_ID0000023,None,compute,0,1663318009.0,,,1663318015.0,1663318162.0,1663318266.0,9779375.0,1663318035.0,1663319308.0,1663319417.0,1663319422.0,51590.0,1663319308.0,1663319313.0,6.0,,20.0,1273.0,5.0,104.0,1014283276.0,5.0,225106.0,poseidon,condorpool,worker1-container-24-27,individuals,/var/lib/condor/execute/dir_23566/pegasus.uvS71EyTf/individuals,,950.5,0,0,0.5,1015589317.0,3537783.0,125943.0,2507.0,942.1,2.1,890867.8,3685.2
individuals_ID0000022,None,compute,0,1663318009.0,,,1663318015.0,1663318162.0,1663318195.0,30168874.0,1663318035.0,1663319041.0,1663319152.0,1663319157.0,51313.0,1663319041.0,1663319046.0,6.0,,20.0,1006.0,5.0,33.0,1014283276.0,5.0,236138.0,poseidon,condorpool,worker2-container-16-19,individuals,/var/lib/condor/execute/dir_31902/pegasus.BtdXiSueQ/individuals,,950.2,0,0,0.0,1015513798.0,4077781.0,125648.0,2523.0,944.9,4.1,1068961.9,4292.4
individuals_ID0000034,hdd_10,compute,0,1663318009.0,,,1663318015.0,1663318162.0,1663318382.0,4617111.0,1663318035.0,1663319403.0,1663319513.0,1663319518.0,64987.0,1663319403.0,1663319408.0,6.0,,20.0,1368.0,5.0,220.0,1014283276.0,5.0,286384.0,poseidon,condorpool,worker1-container-32-35,individuals,/var/lib/condor/execute/dir_22898/pegasus.mdghlVNCu/individuals,,930.1,0,0,0.9,1015577517.0,4832899.0,125904.0,2506.0,922.0,1.9,906765.6,5196.7
individuals_ID0000029,hdd_10,compute,0,1663318009.0,,,1663318015.0,1663318160.0,1663318297.0,7405955.0,1663318035.0,1663319303.0,1663319416.0,1663319421.0,51719.0,1663319303.0,1663319308.0,6.0,,20.0,1268.0,5.0,137.0,1014283276.0,5.0,228170.0,poseidon,condorpool,worker1-container-8-11,individuals,/var/lib/condor/execute/dir_28083/pegasus.lSgDXPu0j/individuals,,917.8,0,0,0.8,1015577356.0,3650389.0,125898.0,2513.0,912.6,2.0,914934.6,3925.1
individuals_ID0000040,None,compute,0,1663318009.0,,,1663318015.0,1663318162.0,1663318197.0,29668254.0,1663318035.0,1663319041.0,1663319150.0,1663319155.0,50820.0,1663319041.0,1663319046.0,6.0,,20.0,1006.0,5.0,35.0,1014283276.0,5.0,237002.0,poseidon,condorpool,worker2-container-16-19,individuals,/var/lib/condor/execute/dir_31904/pegasus.TYzVtBNtG/individuals,,947.3,0,0,0.0,1015509840.0,3137549.0,125633.0,2501.0,937.6,1.4,1080329.6,3337.8
individuals_ID0000042,None,compute,0,1663318009.0,,,1663318015.0,1663318217.0,1663318249.0,31765374.0,1663318035.0,1663319283.0,1663319394.0,1663319399.0,68938.0,1663319283.0,1663319288.0,6.0,,20.0,1248.0,5.0,32.0,1014283276.0,5.0,309016.0,poseidon,condorpool,worker1-container-28-31,individuals,/var/lib/condor/execute/dir_22924/pegasus.am7a4LwZU/individuals,,944.2,0,0,0.2,1015579984.0,4700699.0,125916.0,2499.0,925.1,10.1,898743.3,4948.1
individuals_ID0000061,None,compute,0,1663318009.0,,,1663318020.0,1663319165.0,1663319179.0,72663365.0,1663319038.0,1663319865.0,1663319978.0,1663319982.0,86617.0,1663319865.0,1663319870.0,11.0,,1018.0,827.0,5.0,14.0,1014254291.0,4.0,388327.0,poseidon,condorpool,worker2-container-16-19,individuals,/var/lib/condor/execute/dir_33198/pegasus.kDu9OHaoU/individuals,,793.5,0,0,0.0,1015384156.0,4830158.0,125318.0,2515.0,781.2,8.9,1285296.4,6114.1
individuals_ID0000060,None,compute,0,1663318009.0,,,1663318020.0,1663319163.0,1663319180.0,57308478.0,1663319035.0,1663319860.0,1663319971.0,1663319976.0,81056.0,1663319860.0,1663319865.0,11.0,,1015.0,825.0,5.0,17.0,1014254291.0,5.0,369087.0,poseidon,condorpool,worker2-container-8-11,individuals,/var/lib/condor/execute/dir_31309/pegasus.sTXroU8M8/individuals,,785.3,0,0,0.0,1015410406.0,5013154.0,125369.0,2508.0,770.1,9.6,1301808.2,6427.1
individuals_ID0000065,None,compute,0,1663318009.0,,,1663318015.0,1663319162.0,1663319178.0,64245394.0,1663319034.0,1663319850.0,1663319963.0,1663319968.0,111475.0,1663319850.0,1663319855.0,6.0,,1019.0,816.0,5.0,16.0,1014254291.0,5.0,496134.0,poseidon,condorpool,worker2-container-20-23,individuals,/var/lib/condor/execute/dir_48309/pegasus.jW6j9Aitf/individuals,,779.7,0,0,0.0,1015401510.0,8165580.0,125342.0,2496.0,758.9,11.1,1318703.3,10604.6
individuals_ID0000064,None,compute,0,1663318009.0,,,1663318015.0,1663319161.0,1663319182.0,48157503.0,1663319034.0,1663319860.0,1663319971.0,1663319975.0,106028.0,1663319860.0,1663319865.0,6.0,,1019.0,826.0,5.0,21.0,1014254291.0,4.0,473205.0,poseidon,condorpool,worker2-container-0-3,individuals,/var/lib/condor/execute/dir_46096/pegasus.nbbVggRdO/individuals,,783.7,0,0,0.0,1015410163.0,7596966.0,125369.0,2515.0,766.3,13.7,1301807.9,9739.7
individuals_ID0000063,None,compute,0,1663318009.0,,,1663318015.0,1663319157.0,1663319171.0,70846584.0,1663319032.0,1663319855.0,1663319963.0,1663319968.0,134203.0,1663319855.0,1663319860.0,6.0,,1017.0,823.0,5.0,14.0,1014254291.0,5.0,633592.0,poseidon,condorpool,worker2-container-4-7,individuals,/var/lib/condor/execute/dir_40748/pegasus.acM23wVfq/individuals,,786.0,0,0,0.0,1015428104.0,8130486.0,125408.0,2768.0,770.3,9.6,1301830.9,10423.7
individuals_ID0000062,None,compute,0,1663318009.0,,,1663318015.0,1663319156.0,1663319175.0,52987930.0,1663319029.0,1663319849.0,1663319961.0,1663319966.0,142672.0,1663319849.0,1663319855.0,6.0,,1014.0,820.0,6.0,19.0,1014254291.0,5.0,665512.0,poseidon,condorpool,worker2-container-8-11,individuals,/var/lib/condor/execute/dir_31120/pegasus.25GoNQsya/individuals,,780.2,0,0,0.0,1037636574.0,11332552.0,133646.0,2546.0,771.4,8.7,1330303.3,14528.9
individuals_ID0000102,None,compute,0,1663318009.0,,,1663318015.0,1663319153.0,1663319168.0,69924457.0,1663319026.0,1663319849.0,1663319961.0,1663319965.0,92288.0,1663319849.0,1663319855.0,6.0,,1011.0,823.0,6.0,15.0,1014254291.0,4.0,394879.0,poseidon,condorpool,worker2-container-20-23,individuals,/var/lib/condor/execute/dir_48107/pegasus.VJ5E3Vtke/individuals,,787.8,0,0,0.0,1015420476.0,6213965.0,125390.0,2502.0,769.7,10.4,1301821.1,7966.6
individuals_ID0000069,None,compute,0,1663318009.0,,,1663318015.0,1663319154.0,1663319174.0,49684947.0,1663319025.0,1663319844.0,1663319953.0,1663319957.0,107099.0,1663319844.0,1663319849.0,6.0,,1010.0,819.0,5.0,20.0,1014254291.0,4.0,470428.0,poseidon,condorpool,worker2-container-0-3,individuals,/var/lib/condor/execute/dir_45861/pegasus.ZuFo8GDJp/individuals,,773.0,0,0,0.0,1015406369.0,7235463.0,125354.0,2517.0,766.8,3.2,1318709.6,9396.7
individuals_ID0000101,None,compute,0,1663318009.0,,,1663318015.0,1663319151.0,1663319164.0,73653110.0,1663319023.0,1663319844.0,1663319958.0,1663319962.0,95220.0,1663319844.0,1663319849.0,6.0,,1008.0,821.0,5.0,13.0,1014254291.0,4.0,426477.0,poseidon,condorpool,worker2-container-32-35,individuals,/var/lib/condor/execute/dir_48944/pegasus.ksLLiKqwV/individuals,,788.0,0,0,0.0,1015426072.0,7572026.0,125402.0,2502.0,769.9,10.2,1301828.3,9707.7
individuals_ID0000068,None,compute,0,1663318009.0,,,1663318015.0,1663319150.0,1663319170.0,52788647.0,1663319022.0,1663319834.0,1663319947.0,1663319952.0,113666.0,1663319834.0,1663319839.0,6.0,,1007.0,812.0,5.0,20.0,1014254291.0,5.0,498147.0,poseidon,condorpool,worker2-container-0-3,individuals,/var/lib/condor/execute/dir_45672/pegasus.A4eB0A7px/individuals,,771.9,0,0,0.0,1015403412.0,7673498.0,125348.0,2576.0,767.7,2.2,1318705.7,9965.6
individuals_ID0000041,None,compute,0,1663318009.0,,,1663318015.0,1663318162.0,1663318200.0,26975463.0,1663318035.0,1663319036.0,1663319147.0,1663319152.0,68831.0,1663319036.0,1663319041.0,6.0,,20.0,1001.0,5.0,38.0,1014283276.0,5.0,315053.0,poseidon,condorpool,worker2-container-8-11,individuals,/var/lib/condor/execute/dir_29634/pegasus.GXS83Y0xa/individuals,,940.6,0,0,0.0,1015509405.0,5165484.0,125633.0,2522.0,937.3,1.8,1080329.2,5495.2
individuals_ID0000100,None,compute,0,1663318009.0,,,1663318015.0,1663319148.0,1663319163.0,65891522.0,1663319021.0,1663319829.0,1663319941.0,1663319945.0,91686.0,1663319829.0,1663319834.0,6.0,,1006.0,808.0,5.0,15.0,1014254291.0,4.0,401318.0,poseidon,condorpool,worker2-container-8-11,individuals,/var/lib/condor/execute/dir_30888/pegasus.jY9uMDuod/individuals,,771.8,0,0,0.0,1015421953.0,6362346.0,125387.0,2520.0,767.6,2.2,1318729.8,8262.8
individuals_ID0000066,None,compute,0,1663318009.0,,,1663318015.0,1663319147.0,1663319161.0,74550175.0,1663319019.0,1663319834.0,1663319945.0,1663319950.0,221369.0,1663319834.0,1663319839.0,6.0,,1004.0,815.0,5.0,14.0,1014254291.0,5.0,989536.0,poseidon,condorpool,worker2-container-12-15,individuals,/var/lib/condor/execute/dir_53198/pegasus.IZ2uBFtdC/individuals,,779.1,0,0,0.0,1015407048.0,13177424.0,125354.0,3109.0,761.5,8.5,1318710.5,17113.5
individuals_ID0000050,None,compute,0,1663318009.0,,,1663318015.0,1663319141.0,1663319159.0,58075502.0,1663319013.0,1663319834.0,1663319947.0,1663319952.0,101958.0,1663319834.0,1663319839.0,6.0,,998.0,821.0,5.0,18.0,1014283276.0,5.0,449697.0,poseidon,condorpool,worker2-container-28-31,individuals,/var/lib/condor/execute/dir_40451/pegasus.7OpVSaFEb/individuals,,783.1,0,0,0.1,1015455059.0,6829037.0,125405.0,2516.0,768.3,11.6,1301865.5,8755.2
individuals_ID0000054,None,compute,0,1663318009.0,,,1663318015.0,1663319141.0,1663319160.0,52309765.0,1663319013.0,1663319839.0,1663319949.0,1663319953.0,61800.0,1663319839.0,1663319844.0,6.0,,998.0,826.0,5.0,19.0,1014254291.0,4.0,272610.0,poseidon,condorpool,worker2-container-24-27,individuals,/var/lib/condor/execute/dir_42367/pegasus.u9Sx1ogPh/individuals,,782.8,0,0,0.0,1015410834.0,3362099.0,125369.0,2516.0,777.6,2.0,1301808.8,4310.4
individuals_ID0000053,None,compute,0,1663318009.0,,,1663318015.0,1663319139.0,1663319156.0,61160684.0,1663319012.0,1663319743.0,1663319855.0,1663319860.0,49401.0,1663319743.0,1663319748.0,6.0,,997.0,731.0,5.0,17.0,1014254291.0,5.0,216723.0,poseidon,condorpool,worker2-container-24-27,individuals,/var/lib/condor/execute/dir_42205/pegasus.7RlQFG8V3/individuals,,694.2,0,0,0.0,1015380900.0,2240767.0,125243.0,2502.0,680.4,9.6,1471566.5,3247.5
individuals_ID0000058,None,compute,0,1663318009.0,,,1663318015.0,1663319138.0,1663319153.0,69252702.0,1663319012.0,1663319860.0,1663319973.0,1663319978.0,69211.0,1663319860.0,1663319865.0,6.0,,997.0,848.0,5.0,15.0,1014254291.0,5.0,312278.0,poseidon,condorpool,worker2-container-36-39,individuals,/var/lib/condor/execute/dir_56042/pegasus.iMBexcgzc/individuals,,814.8,0,0,0.0,1015437434.0,4177636.0,125447.0,2510.0,800.7,9.2,1253626.5,5157.6
individuals_ID0000057,None,compute,0,1663318009.0,,,1663318015.0,1663319136.0,1663319150.0,74677600.0,1663319011.0,1663319855.0,1663319964.0,1663319968.0,62495.0,1663319855.0,1663319860.0,6.0,,996.0,844.0,5.0,14.0,1014254291.0,4.0,273124.0,poseidon,condorpool,worker2-container-32-35,individuals,/var/lib/condor/execute/dir_48715/pegasus.RE4tXfLrF/individuals,,807.1,0,0,0.1,1015433791.0,5082731.0,125432.0,2500.0,790.1,8.6,1269292.2,6353.4
individuals_ID0000056,None,compute,0,1663318009.0,,,1663318015.0,1663319136.0,1663319151.0,65941284.0,1663319009.0,1663319834.0,1663319948.0,1663319952.0,64302.0,1663319834.0,1663319839.0,6.0,,994.0,825.0,5.0,15.0,1014254291.0,4.0,283835.0,poseidon,condorpool,worker2-container-28-31,individuals,/var/lib/condor/execute/dir_40261/pegasus.trWEfssOT/individuals,,790.9,0,0,0.1,1015429726.0,4975625.0,125417.0,2523.0,780.1,9.8,1285354.1,6298.3
individuals_ID0000055,None,compute,0,1663318009.0,,,1663318015.0,1663319130.0,1663319144.0,75482198.0,1663319003.0,1663319809.0,1663319921.0,1663319925.0,90466.0,1663319809.0,1663319814.0,6.0,,988.0,806.0,5.0,14.0,1014254291.0,4.0,404699.0,poseidon,condorpool,worker2-container-4-7,individuals,/var/lib/condor/execute/dir_40493/pegasus.K3NPE6N20/individuals,,771.3,0,0,0.0,1015424362.0,7455833.0,125393.0,2522.0,767.0,2.7,1318732.9,9682.9
individuals_ID0000059,None,compute,0,1663318009.0,,,1663318015.0,1663318643.0,1663318656.0,76559081.0,1663318517.0,1663319448.0,1663319558.0,1663319563.0,77513.0,1663319448.0,1663319453.0,6.0,,502.0,931.0,5.0,13.0,1014254291.0,5.0,342306.0,poseidon,condorpool,worker1-container-24-27,individuals,/var/lib/condor/execute/dir_24531/pegasus.NJEGbNu8a/individuals,,895.5,0,0,0.9,1015465800.0,4482002.0,125565.0,2500.0,886.6,1.8,1140972.8,5036.0
individuals_ID0000043,None,compute,0,1663318009.0,,,1663318015.0,1663318273.0,1663318287.0,76405682.0,1663318146.0,1663319097.0,1663319210.0,1663319214.0,86103.0,1663319097.0,1663319102.0,6.0,,131.0,951.0,5.0,14.0,1014283276.0,4.0,385575.0,poseidon,condorpool,worker2-container-4-7,individuals,/var/lib/condor/execute/dir_39906/pegasus.6Li8q4zzC/individuals,,916.3,0,0,0.0,1015503423.0,7313671.0,125600.0,2502.0,906.6,2.1,1115937.8,8037.0
individuals_ID0000067,None,compute,0,1663318009.0,,,1663318015.0,1663319146.0,1663319162.0,63237154.0,1663319021.0,1663319844.0,1663319953.0,1663319957.0,111766.0,1663319844.0,1663319849.0,6.0,,1006.0,823.0,5.0,16.0,1014254291.0,4.0,486687.0,poseidon,condorpool,worker2-container-36-39,individuals,/var/lib/condor/execute/dir_56243/pegasus.SbMv13qlx/individuals,,785.5,0,0,0.0,1015426018.0,6301955.0,125402.0,2510.0,769.5,10.4,1301828.2,8079.4
individuals_ID0000028,None,compute,0,1663318009.0,,,1663318015.0,1663318161.0,1663318248.0,11681141.0,1663318035.0,1663319268.0,1663319380.0,1663319384.0,105923.0,1663319268.0,1663319273.0,6.0,,20.0,1233.0,5.0,87.0,1014283276.0,4.0,466608.0,poseidon,condorpool,worker1-container-12-15,individuals,/var/lib/condor/execute/dir_29599/pegasus.Kq9fwl5xF/individuals,,931.0,0,0,0.0,1015569308.0,8194118.0,125886.0,2511.0,917.4,7.8,906758.3,8717.1
sifting_ID0000052,None,compute,0,1663318009.0,,,1663318015.0,1663318179.0,1663318265.0,18337268.0,1663318035.0,1663318521.0,1663318629.0,1663318634.0,336205.0,1663318521.0,1663318526.0,6.0,,20.0,486.0,5.0,86.0,1580481751.0,5.0,1636846.0,poseidon,condorpool,worker1-container-24-27,sifting,/var/lib/condor/execute/dir_23568/pegasus.3NzfPvSXJ/sifting,,4.4,0,0,,,,,,,,,
individuals_ID0000026,None,compute,0,1663318009.0,,,1663318015.0,1663318163.0,1663318196.0,30417497.0,1663318035.0,1663319107.0,1663319218.0,1663319222.0,85223.0,1663319107.0,1663319112.0,6.0,,20.0,1072.0,5.0,33.0,1014283276.0,4.0,385940.0,poseidon,condorpool,worker2-container-28-31,individuals,/var/lib/condor/execute/dir_39007/pegasus.1unJx9enk/individuals,,1014.3,0,0,0.1,1015536450.0,6822988.0,125738.0,2509.0,1004.7,3.7,1005481.6,6755.4
individuals_ID0000085,None,compute,0,1663318009.0,,,1663318015.0,1663318217.0,1663318273.0,18135094.0,1663318034.0,1663319288.0,1663319399.0,1663319404.0,66199.0,1663319288.0,1663319293.0,6.0,,19.0,1254.0,5.0,56.0,1014254291.0,5.0,291547.0,poseidon,condorpool,worker1-container-36-39,individuals,/var/lib/condor/execute/dir_22928/pegasus.rmWrs1g3K/individuals,,924.7,0,0,0.8,1020059155.0,4310733.0,127890.0,2527.0,921.8,2.3,910767.1,4635.2
individuals_ID0000084,None,compute,0,1663318009.0,,,1663318015.0,1663318160.0,1663318251.0,11195272.0,1663318034.0,1663319268.0,1663319378.0,1663319382.0,109012.0,1663319268.0,1663319273.0,6.0,,19.0,1234.0,5.0,91.0,1014254291.0,4.0,486678.0,poseidon,condorpool,worker1-container-0-3,individuals,/var/lib/condor/execute/dir_33376/pegasus.STwpYR907/individuals,,926.4,0,0,0.0,1021139243.0,9928873.0,128080.0,2528.0,923.0,2.4,911731.5,10676.2
individuals_ID0000009,None,compute,0,1663318009.0,,,1663318015.0,1663318161.0,1663318243.0,12391810.0,1663318034.0,1663319268.0,1663319378.0,1663319383.0,80645.0,1663319268.0,1663319273.0,6.0,,19.0,1234.0,5.0,82.0,1014283276.0,5.0,364799.0,poseidon,condorpool,worker1-container-4-7,individuals,/var/lib/condor/execute/dir_35943/pegasus.6fWaNH07f/individuals,,933.5,0,0,0.1,1015580732.0,5089579.0,125913.0,2502.0,913.4,11.2,906768.5,5472.7
individuals_ID0000008,None,compute,0,1663318009.0,,,1663318015.0,1663318179.0,1663318252.0,13911390.0,1663318034.0,1663319278.0,1663319389.0,1663319394.0,79406.0,1663319278.0,1663319283.0,6.0,,19.0,1244.0,5.0,73.0,1014283276.0,5.0,353864.0,poseidon,condorpool,worker1-container-20-23,individuals,/var/lib/condor/execute/dir_22982/pegasus.H5WSDQpzO/individuals,,936.3,0,0,0.3,1015579854.0,5663347.0,125916.0,2473.0,932.9,1.6,898743.2,6024.8
individuals_ID0000003,hdd_10,compute,0,1663318009.0,,,1663318015.0,1663318160.0,1663318328.0,6035430.0,1663318034.0,1663319348.0,1663319459.0,1663319463.0,83773.0,1663319348.0,1663319353.0,6.0,,19.0,1314.0,5.0,168.0,1014283276.0,4.0,373031.0,poseidon,condorpool,worker1-container-32-35,individuals,/var/lib/condor/execute/dir_22893/pegasus.TqhGbUMtN/individuals,,929.2,0,0,1.1,1015572040.0,4525607.0,125892.0,2501.0,922.5,1.6,906760.8,4814.5
individuals_ID0000002,None,compute,0,1663318009.0,,,1663318015.0,1663318217.0,1663318272.0,18628592.0,1663318034.0,1663319303.0,1663319414.0,1663319419.0,89668.0,1663319303.0,1663319308.0,6.0,,19.0,1269.0,5.0,55.0,1014283276.0,5.0,407823.0,poseidon,condorpool,worker1-container-36-39,individuals,/var/lib/condor/execute/dir_22926/pegasus.Jk8DWeg6v/individuals,,940.7,0,0,1.0,1015580016.0,4325786.0,125916.0,2504.0,927.1,6.7,898743.4,4601.9
individuals_ID0000089,None,compute,0,1663318009.0,,,1663318015.0,1663318161.0,1663318241.0,12561681.0,1663318034.0,1663319298.0,1663319408.0,1663319412.0,54917.0,1663319298.0,1663319303.0,6.0,,19.0,1264.0,5.0,80.0,1014254291.0,4.0,244818.0,poseidon,condorpool,worker1-container-24-27,individuals,/var/lib/condor/execute/dir_23563/pegasus.0gg4sTovA/individuals,,965.2,0,0,0.7,1021070801.0,2751570.0,128644.0,2340.0,960.9,3.5,880233.4,2836.7
individuals_ID0000001,None,compute,0,1663318009.0,,,1663318015.0,1663318159.0,1663318246.0,11669233.0,1663318034.0,1663319177.0,1663319286.0,1663319290.0,62877.0,1663319177.0,1663319182.0,6.0,,19.0,1143.0,5.0,87.0,1014283276.0,4.0,278922.0,poseidon,condorpool,worker1-container-28-31,individuals,/var/lib/condor/execute/dir_22919/pegasus.eWi5VAHvZ/individuals,,839.4,0,0,0.0,1015536490.0,2869087.0,125754.0,2515.0,833.7,1.7,985957.8,3375.4
individuals_ID0000088,None,compute,0,1663318009.0,,,1663318015.0,1663318159.0,1663318186.0,38436630.0,1663318034.0,1663319062.0,1663319171.0,1663319176.0,46981.0,1663319062.0,1663319067.0,6.0,,19.0,1028.0,5.0,27.0,1014254291.0,5.0,214207.0,poseidon,condorpool,worker2-container-8-11,individuals,/var/lib/condor/execute/dir_29629/pegasus.8oWCMSBjr/individuals,,978.0,0,0,0.0,1015491925.0,1711085.0,125675.0,2407.0,957.8,11.7,1046898.9,1764.0
individuals_ID0000007,None,compute,0,1663318009.0,,,1663318014.0,1663318162.0,1663318201.0,26428098.0,1663318034.0,1663319046.0,1663319158.0,1663319162.0,79692.0,1663319046.0,1663319051.0,5.0,,20.0,1012.0,5.0,39.0,1014283276.0,4.0,361043.0,poseidon,condorpool,worker2-container-16-19,individuals,/var/lib/condor/execute/dir_31898/pegasus.nnbnOxCE3/individuals,,950.9,0,0,0.0,1015519329.0,4655578.0,125660.0,2522.0,947.4,1.9,1068967.7,4900.6
individuals_ID0000006,None,compute,0,1663318009.0,,,1663318014.0,1663318160.0,1663318248.0,11517140.0,1663318034.0,1663319262.0,1663319374.0,1663319379.0,83358.0,1663319262.0,1663319267.0,5.0,,20.0,1228.0,5.0,88.0,1014283276.0,5.0,391007.0,poseidon,condorpool,worker1-container-12-15,individuals,/var/lib/condor/execute/dir_29596/pegasus.VJmb5ARP9/individuals,,925.2,0,0,0.1,1032126977.0,6094731.0,132938.0,2535.0,922.8,2.2,921541.9,6483.8
individuals_ID0000005,None,compute,0,1663318009.0,,,1663318014.0,1663318159.0,1663318187.0,36441549.0,1663318034.0,1663319006.0,1663319116.0,1663319120.0,64118.0,1663319006.0,1663319011.0,5.0,,20.0,972.0,5.0,28.0,1014283276.0,4.0,280619.0,poseidon,condorpool,worker2-container-4-7,individuals,/var/lib/condor/execute/dir_39033/pegasus.c7PoxLU9L/individuals,,922.4,0,0,0.0,1015507057.0,3692032.0,125615.0,2518.0,917.4,2.1,1103812.0,4013.1
individuals_ID0000004,hdd_10,compute,0,1663318009.0,,,1663318014.0,1663318218.0,1663318341.0,8199743.0,1663318034.0,1663319348.0,1663319460.0,1663319465.0,102168.0,1663319348.0,1663319353.0,5.0,,20.0,1314.0,5.0,123.0,1014283276.0,5.0,452488.0,poseidon,condorpool,worker1-container-8-11,individuals,/var/lib/condor/execute/dir_28080/pegasus.Ms7Lln0Lp/individuals,,917.0,0,0,0.6,1015577527.0,6747552.0,125898.0,2504.0,910.9,2.5,914934.7,7334.3
individuals_ID0000072,None,compute,0,1663318009.0,,,1663318014.0,1663318159.0,1663318189.0,33946383.0,1663318034.0,1663319016.0,1663319126.0,1663319131.0,159607.0,1663319016.0,1663319021.0,5.0,,20.0,982.0,5.0,30.0,1014254291.0,5.0,732470.0,poseidon,condorpool,worker2-container-28-31,individuals,/var/lib/condor/execute/dir_39003/pegasus.TTCO3NXb7/individuals,,930.9,0,0,0.1,1019836849.0,12683752.0,127102.0,3432.0,920.5,9.0,1096598.8,13638.4
individuals_ID0000027,None,compute,0,1663318009.0,,,1663318015.0,1663318163.0,1663318214.0,19674262.0,1663318035.0,1663319062.0,1663319173.0,1663319178.0,85224.0,1663319062.0,1663319067.0,6.0,,20.0,1027.0,5.0,51.0,1014283276.0,5.0,389324.0,poseidon,condorpool,worker2-container-4-7,individuals,/var/lib/condor/execute/dir_39037/pegasus.NYR3Gvnh5/individuals,,950.5,0,0,0.1,1015518523.0,5617825.0,125660.0,2519.0,945.8,2.3,1068966.9,5913.5
individuals_ID0000070,None,compute,0,1663318009.0,,,1663318014.0,1663318161.0,1663318190.0,34238003.0,1663318034.0,1663319041.0,1663319155.0,1663319159.0,112903.0,1663319041.0,1663319046.0,5.0,,20.0,1007.0,5.0,29.0,1014254291.0,4.0,512898.0,poseidon,condorpool,worker2-container-24-27,individuals,/var/lib/condor/execute/dir_40948/pegasus.p0DKarneq/individuals,,956.7,0,0,0.0,1015484772.0,7755679.0,125645.0,2502.0,935.6,12.3,1068931.3,8163.9
individuals_ID0000076,None,compute,0,1663318009.0,,,1663318014.0,1663318162.0,1663318195.0,30541601.0,1663318034.0,1663319051.0,1663319164.0,1663319168.0,121355.0,1663319051.0,1663319056.0,5.0,,20.0,1017.0,5.0,33.0,1014254291.0,4.0,544182.0,poseidon,condorpool,worker2-container-12-15,individuals,/var/lib/condor/execute/dir_51968/pegasus.LKrAcBQ69/individuals,,962.5,0,0,0.1,1015488561.0,8706527.0,125660.0,2520.0,946.4,13.0,1057800.6,9069.3
individuals_ID0000075,None,compute,0,1663318009.0,,,1663318014.0,1663318159.0,1663318243.0,12128737.0,1663318034.0,1663319268.0,1663319380.0,1663319385.0,122667.0,1663319268.0,1663319273.0,5.0,,20.0,1234.0,5.0,84.0,1014254291.0,5.0,552534.0,poseidon,condorpool,worker1-container-16-19,individuals,/var/lib/condor/execute/dir_33188/pegasus.3bFd49ltX/individuals,,937.6,0,0,0.1,1015556422.0,8470220.0,125925.0,2676.0,924.0,11.4,898722.5,9010.9
individuals_ID0000074,None,compute,0,1663318009.0,,,1663318014.0,1663318159.0,1663318187.0,36521122.0,1663318034.0,1663319011.0,1663319124.0,1663319128.0,88933.0,1663319011.0,1663319016.0,5.0,,20.0,977.0,5.0,28.0,1014254291.0,4.0,386362.0,poseidon,condorpool,worker2-container-32-35,individuals,/var/lib/condor/execute/dir_47487/pegasus.snNFPis5C/individuals,,930.8,0,0,0.0,1015482704.0,6824545.0,125627.0,2525.0,918.0,11.3,1091916.9,7338.2
individuals_ID0000073,None,compute,0,1663318009.0,,,1663318014.0,1663318159.0,1663318192.0,31001083.0,1663318034.0,1663319026.0,1663319138.0,1663319143.0,111773.0,1663319026.0,1663319031.0,5.0,,20.0,992.0,5.0,33.0,1014254291.0,5.0,538406.0,poseidon,condorpool,worker2-container-20-23,individuals,/var/lib/condor/execute/dir_46848/pegasus.2IFptioVG/individuals,,939.2,0,0,0.0,1039100995.0,11127934.0,134159.0,3398.0,930.9,8.2,1105426.6,11838.2
individuals_ID0000079,None,compute,0,1663318009.0,,,1663318014.0,1663318159.0,1663318249.0,11336706.0,1663318034.0,1663319268.0,1663319378.0,1663319382.0,166587.0,1663319268.0,1663319273.0,5.0,,20.0,1234.0,5.0,90.0,1014254291.0,4.0,751238.0,poseidon,condorpool,worker1-container-0-3,individuals,/var/lib/condor/execute/dir_33374/pegasus.JpEznNHOJ/individuals,,928.1,0,0,0.0,1015540752.0,9608973.0,125886.0,2599.0,922.1,3.0,906732.8,10222.3
individuals_ID0000078,None,compute,0,1663318009.0,,,1663318014.0,1663318162.0,1663318198.0,28262435.0,1663318034.0,1663319021.0,1663319133.0,1663319138.0,120430.0,1663319021.0,1663319026.0,5.0,,20.0,987.0,5.0,36.0,1014254291.0,5.0,547937.0,poseidon,condorpool,worker2-container-36-39,individuals,/var/lib/condor/execute/dir_54788/pegasus.VC7nPbsJY/individuals,,928.8,0,0,0.0,1033598740.0,8323121.0,132392.0,2542.0,917.3,11.3,1111396.5,8949.6
individuals_ID0000077,None,compute,0,1663318009.0,,,1663318014.0,1663318161.0,1663318242.0,12481013.0,1663318034.0,1663319267.0,1663319378.0,1663319382.0,129471.0,1663319267.0,1663319273.0,5.0,,20.0,1233.0,6.0,81.0,1014254291.0,4.0,571139.0,poseidon,condorpool,worker1-container-4-7,individuals,/var/lib/condor/execute/dir_35942/pegasus.GpJazBnte/individuals,,935.3,0,0,0.0,1037195786.0,9186423.0,134569.0,2546.0,926.0,9.3,917872.4,9772.8
individuals_ID0000086,None,compute,0,1663318009.0,,,1663318015.0,1663318162.0,1663318201.0,26571550.0,1663318034.0,1663319056.0,1663319168.0,1663319172.0,82115.0,1663319056.0,1663319062.0,6.0,,19.0,1022.0,6.0,39.0,1014254291.0,4.0,378734.0,poseidon,condorpool,worker2-container-36-39,individuals,/var/lib/condor/execute/dir_54789/pegasus.xOBhBcU3L/individuals,,960.6,0,0,0.1,1015494191.0,5716230.0,125672.0,2522.0,956.5,2.4,1057806.4,5954.4
individuals_ID0000087,None,compute,0,1663318009.0,,,1663318015.0,1663318161.0,1663318251.0,11184400.0,1663318034.0,1663319283.0,1663319395.0,1663319400.0,47833.0,1663319283.0,1663319288.0,6.0,,19.0,1249.0,5.0,90.0,1014254291.0,5.0,208212.0,poseidon,condorpool,worker1-container-20-23,individuals,/var/lib/condor/execute/dir_22983/pegasus.LAWrwUMNP/individuals,,943.1,0,0,0.1,1015545212.0,1553873.0,125901.0,2427.0,933.5,1.6,898712.6,1653.1
individuals_ID0000071,None,compute,0,1663318009.0,,,1663318014.0,1663318159.0,1663318190.0,32736595.0,1663318034.0,1663319036.0,1663319146.0,1663319151.0,216486.0,1663319036.0,1663319041.0,5.0,,20.0,1002.0,5.0,31.0,1014254291.0,5.0,1041424.0,poseidon,condorpool,worker2-container-0-3,individuals,/var/lib/condor/execute/dir_44410/pegasus.RXNnzfecE/individuals,,949.4,0,0,0.0,1040263783.0,15845029.0,133953.0,3041.0,946.4,2.6,1095014.5,16679.0
individuals_ID0000081,None,compute,0,1663318009.0,,,1663318015.0,1663318162.0,1663318198.0,27788827.0,1663318034.0,1663319026.0,1663319135.0,1663319140.0,97860.0,1663319026.0,1663319031.0,6.0,,19.0,992.0,5.0,36.0,1014254291.0,5.0,433876.0,poseidon,condorpool,worker2-container-32-35,individuals,/var/lib/condor/execute/dir_47488/pegasus.PnVenfrkI/individuals,,930.4,0,0,0.0,1015482795.0,6628027.0,125627.0,2522.0,919.5,9.4,1091917.0,7126.9
individuals_ID0000080,hdd_10,compute,0,1663318009.0,,,1663318015.0,1663318162.0,1663318329.0,6067846.0,1663318034.0,1663319338.0,1663319450.0,1663319454.0,127717.0,1663319338.0,1663319343.0,6.0,,19.0,1304.0,5.0,167.0,1014254291.0,4.0,585960.0,poseidon,condorpool,worker1-container-32-35,individuals,/var/lib/condor/execute/dir_22894/pegasus.CyNOVmWGn/individuals,,920.1,0,0,0.9,1015544546.0,8377727.0,125886.0,2511.0,913.2,1.7,914905.0,9008.3
individuals_ID0000094,None,compute,0,1663318009.0,,,1663318015.0,1663318163.0,1663318203.0,25197975.0,1663318035.0,1663319056.0,1663319166.0,1663319171.0,98216.0,1663319056.0,1663319062.0,6.0,,20.0,1021.0,6.0,40.0,1014254291.0,5.0,446570.0,poseidon,condorpool,worker2-container-24-27,individuals,/var/lib/condor/execute/dir_40951/pegasus.A0KX298gP/individuals,,956.3,0,0,0.1,1015490389.0,6741169.0,125657.0,2506.0,947.1,2.1,1068937.3,7096.0
individuals_ID0000093,None,compute,0,1663318009.0,,,1663318015.0,1663318162.0,1663318194.0,31075470.0,1663318035.0,1663319021.0,1663319132.0,1663319136.0,95390.0,1663319021.0,1663319026.0,6.0,,20.0,986.0,5.0,32.0,1014254291.0,4.0,424346.0,poseidon,condorpool,worker2-container-12-15,individuals,/var/lib/condor/execute/dir_51971/pegasus.UJJtXG4RW/individuals,,931.9,0,0,0.0,1015471568.0,6377809.0,125603.0,2520.0,918.4,11.2,1091904.9,6857.9
individuals_ID0000092,None,compute,0,1663318009.0,,,1663318015.0,1663318163.0,1663318198.0,28690313.0,1663318035.0,1663319056.0,1663319165.0,1663319170.0,63338.0,1663319056.0,1663319062.0,6.0,,20.0,1021.0,6.0,35.0,1014254291.0,5.0,286073.0,poseidon,condorpool,worker2-container-20-23,individuals,/var/lib/condor/execute/dir_46851/pegasus.L6gZjpckW/individuals,,960.0,0,0,0.1,1023680818.0,4853091.0,129143.0,2525.0,947.6,11.4,1066334.2,5055.3
individuals_ID0000091,None,compute,0,1663318009.0,,,1663318015.0,1663318163.0,1663318198.0,28417811.0,1663318034.0,1663319072.0,1663319182.0,1663319186.0,50895.0,1663319072.0,1663319077.0,6.0,,19.0,1038.0,5.0,35.0,1014254291.0,4.0,224430.0,poseidon,condorpool,worker2-container-32-35,individuals,/var/lib/condor/execute/dir_47490/pegasus.0XQBeiwkh/individuals,,976.5,0,0,0.2,1015492371.0,2671731.0,125675.0,2502.0,957.6,11.4,1046899.4,2754.4
individuals_ID0000098,None,compute,0,1663318009.0,,,1663318015.0,1663318161.0,1663318250.0,11497923.0,1663318034.0,1663319278.0,1663319391.0,1663319395.0,100010.0,1663319278.0,1663319283.0,6.0,,19.0,1244.0,5.0,89.0,1014254291.0,4.0,437176.0,poseidon,condorpool,worker1-container-16-19,individuals,/var/lib/condor/execute/dir_33191/pegasus.3JGwLDBo4/individuals,,940.1,0,0,0.4,1015545407.0,6101844.0,125901.0,2510.0,932.9,1.8,898712.7,6423.0
individuals_ID0000010,hdd_10,compute,0,1663318009.0,,,1663318015.0,1663318161.0,1663318629.0,2164765.0,1663318034.0,1663319423.0,1663319534.0,1663319538.0,88691.0,1663319423.0,1663319428.0,6.0,,19.0,1389.0,5.0,468.0,1014283276.0,4.0,393106.0,poseidon,condorpool,worker1-container-32-35,individuals,/var/lib/condor/execute/dir_22896/pegasus.h31RTz7W1/individuals,,897.0,0,0,0.9,1015494869.0,5564540.0,125568.0,2433.0,884.2,4.0,1141005.5,6252.3
individuals_ID0000097,None,compute,0,1663318009.0,,,1663318015.0,1663318161.0,1663318185.0,41217503.0,1663318034.0,1663319016.0,1663319125.0,1663319129.0,106588.0,1663319016.0,1663319021.0,6.0,,19.0,982.0,5.0,24.0,1014254291.0,4.0,469078.0,poseidon,condorpool,worker2-container-36-39,individuals,/var/lib/condor/execute/dir_54791/pegasus.L3jyfumBa/individuals,,933.9,0,0,0.0,1015482694.0,7342192.0,125627.0,2516.0,915.5,14.2,1091916.9,7894.8
individuals_ID0000095,None,compute,0,1663318009.0,,,1663318015.0,1663318217.0,1663318253.0,28622595.0,1663318034.0,1663319273.0,1663319386.0,1663319391.0,89705.0,1663319273.0,1663319278.0,6.0,,19.0,1239.0,5.0,36.0,1014254291.0,5.0,405353.0,poseidon,condorpool,worker1-container-4-7,individuals,/var/lib/condor/execute/dir_35945/pegasus.eCDnM5iN2/individuals,,933.0,0,0,0.1,1015551777.0,6076826.0,125910.0,2502.0,923.3,1.6,906742.7,6534.2
individuals_ID0000090,None,compute,0,1663318009.0,,,1663318015.0,1663318162.0,1663318246.0,12022225.0,1663318034.0,1663319267.0,1663319376.0,1663319380.0,91211.0,1663319267.0,1663319273.0,6.0,,19.0,1233.0,6.0,84.0,1014254291.0,4.0,405655.0,poseidon,condorpool,worker1-container-24-27,individuals,/var/lib/condor/execute/dir_23564/pegasus.Tu6uQs05d/individuals,,929.5,0,0,0.1,1015552758.0,5941349.0,125910.0,2515.0,920.7,4.3,906743.5,6320.6
individuals_ID0000019,None,compute,0,1663318009.0,,,1663318015.0,1663318179.0,1663318253.0,13685182.0,1663318034.0,1663319278.0,1663319388.0,1663319393.0,83156.0,1663319278.0,1663319283.0,6.0,,19.0,1244.0,5.0,74.0,1014283276.0,5.0,364913.0,poseidon,condorpool,worker1-container-28-31,individuals,/var/lib/condor/execute/dir_22920/pegasus.Ht6cGpF6F/individuals,,934.3,0,0,0.2,1015581808.0,5449632.0,125913.0,2497.0,921.1,3.6,906769.5,5859.8
individuals_ID0000096,None,compute,0,1663318009.0,,,1663318015.0,1663318161.0,1663318240.0,12809279.0,1663318034.0,1663319252.0,1663319363.0,1663319368.0,98396.0,1663319252.0,1663319257.0,6.0,,19.0,1218.0,5.0,79.0,1014254291.0,5.0,443030.0,poseidon,condorpool,worker1-container-20-23,individuals,/var/lib/condor/execute/dir_22985/pegasus.AiqKuda7Y/individuals,,922.3,0,0,0.1,1015548975.0,7809448.0,125895.0,2506.0,910.2,4.3,914909.0,8488.5
individuals_ID0000013,None,compute,0,1663318009.0,,,1663318015.0,1663318162.0,1663318194.0,30853881.0,1663318034.0,1663319056.0,1663319167.0,1663319172.0,43955.0,1663319056.0,1663319062.0,6.0,,19.0,1022.0,6.0,32.0,1014283276.0,5.0,203744.0,poseidon,condorpool,worker2-container-16-19,individuals,/var/lib/condor/execute/dir_31899/pegasus.bncvt54St/individuals,,965.4,0,0,0.1,1015511968.0,2338493.0,125651.0,2435.0,953.2,5.8,1057825.0,2435.9
individuals_ID0000082,None,compute,0,1663318009.0,,,1663318015.0,1663318162.0,1663318196.0,29050304.0,1663318034.0,1663319036.0,1663319147.0,1663319151.0,121943.0,1663319036.0,1663319041.0,6.0,,19.0,1002.0,5.0,34.0,1014254291.0,4.0,548019.0,poseidon,condorpool,worker2-container-20-23,individuals,/var/lib/condor/execute/dir_46849/pegasus.W7XzqLRbY/individuals,,944.1,0,0,0.0,1015475449.0,8747987.0,125618.0,2516.0,937.1,2.2,1080293.0,9306.4
individuals_ID0000083,None,compute,0,1663318009.0,,,1663318015.0,1663318161.0,1663318250.0,11453426.0,1663318034.0,1663319273.0,1663319383.0,1663319388.0,103529.0,1663319273.0,1663319278.0,6.0,,19.0,1239.0,5.0,89.0,1014254291.0,5.0,482676.0,poseidon,condorpool,worker1-container-16-19,individuals,/var/lib/condor/execute/dir_33189/pegasus.goXE241DI/individuals,,931.8,0,0,0.0,1015547227.0,7767399.0,125898.0,2506.0,920.3,4.0,906738.6,8352.0
individuals_ID0000014,None,compute,0,1663318009.0,,,1663318015.0,1663318161.0,1663318188.0,37050553.0,1663318034.0,1663319021.0,1663319134.0,1663319138.0,96661.0,1663319021.0,1663319026.0,6.0,,19.0,987.0,5.0,27.0,1014283276.0,4.0,457445.0,poseidon,condorpool,worker2-container-8-11,individuals,/var/lib/condor/execute/dir_29630/pegasus.MGUX3nrGr/individuals,,939.1,0,0,0.0,1015511444.0,8139260.0,125630.0,2501.0,918.5,11.0,1091947.8,8751.9
individuals_ID0000016,None,compute,0,1663318009.0,,,1663318015.0,1663318162.0,1663318196.0,30120222.0,1663318034.0,1663319016.0,1663319125.0,1663319129.0,69438.0,1663319016.0,1663319021.0,6.0,,19.0,982.0,5.0,34.0,1014283276.0,4.0,317947.0,poseidon,condorpool,worker2-container-24-27,individuals,/var/lib/condor/execute/dir_40949/pegasus.BaBuRtIbX/individuals,,922.4,0,0,0.0,1015507980.0,5334518.0,125615.0,2478.0,917.4,1.9,1103813.0,5798.4
individuals_ID0000017,None,compute,0,1663318009.0,,,1663318015.0,1663318162.0,1663318197.0,29328769.0,1663318034.0,1663319056.0,1663319165.0,1663319169.0,66609.0,1663319056.0,1663319062.0,6.0,,19.0,1022.0,6.0,35.0,1014283276.0,4.0,310269.0,poseidon,condorpool,worker2-container-0-3,individuals,/var/lib/condor/execute/dir_44412/pegasus.UV6rS0CrL/individuals,,961.3,0,0,0.1,1015509685.0,4171640.0,125648.0,2481.0,957.8,1.7,1057822.6,4345.5
individuals_ID0000015,None,compute,0,1663318009.0,,,1663318015.0,1663318162.0,1663318201.0,26160769.0,1663318034.0,1663319041.0,1663319153.0,1663319157.0,81955.0,1663319041.0,1663319046.0,6.0,,19.0,1007.0,5.0,39.0,1014283276.0,4.0,378669.0,poseidon,condorpool,worker2-container-12-15,individuals,/var/lib/condor/execute/dir_51969/pegasus.dcCWFaDlG/individuals,,945.2,0,0,0.0,1015515543.0,6378482.0,125645.0,2403.0,937.1,2.0,1080335.7,6785.6
individuals_ID0000011,None,compute,0,1663318009.0,,,1663318015.0,1663318162.0,1663318199.0,27444055.0,1663318034.0,1663319062.0,1663319171.0,1663319176.0,73067.0,1663319062.0,1663319067.0,6.0,,19.0,1028.0,5.0,37.0,1014283276.0,5.0,328512.0,poseidon,condorpool,worker2-container-28-31,individuals,/var/lib/condor/execute/dir_39004/pegasus.jOHFg8WGM/individuals,,964.2,0,0,0.0,1015523165.0,4004665.0,125675.0,2478.0,947.6,11.2,1057836.6,4171.5
individuals_ID0000099,hdd_10,compute,0,1663318009.0,,,1663318015.0,1663318159.0,1663318235.0,13387152.0,1663318034.0,1663319257.0,1663319366.0,1663319371.0,92491.0,1663319257.0,1663319262.0,6.0,,19.0,1223.0,5.0,76.0,1014254291.0,5.0,424328.0,poseidon,condorpool,worker1-container-8-11,individuals,/var/lib/condor/execute/dir_28081/pegasus.7atxaCsqc/individuals,,930.4,0,0,0.0,1015552240.0,6372418.0,125910.0,2512.0,920.4,4.7,906743.1,6779.2
individuals_ID0000012,None,compute,0,1663318009.0,,,1663318015.0,1663318159.0,1663318187.0,36881986.0,1663318034.0,1663319031.0,1663319145.0,1663319149.0,79641.0,1663319031.0,1663319036.0,6.0,,19.0,997.0,5.0,28.0,1014283276.0,4.0,351636.0,poseidon,condorpool,worker2-container-4-7,individuals,/var/lib/condor/execute/dir_39034/pegasus.cCPd7IAkj/individuals,,951.4,0,0,0.1,1015512916.0,4986890.0,125648.0,2409.0,946.6,2.5,1068961.0,5249.4
individuals_ID0000018,None,compute,0,1663318009.0,,,1663318015.0,1663318159.0,1663318241.0,12412205.0,1663318034.0,1663319298.0,1663319407.0,1663319411.0,78608.0,1663319298.0,1663319303.0,6.0,,19.0,1264.0,5.0,82.0,1014283276.0,4.0,351281.0,poseidon,condorpool,worker1-container-12-15,individuals,/var/lib/condor/execute/dir_29597/pegasus.afbUOHiyv/individuals,,964.4,0,0,0.5,1034122604.0,8105006.0,133448.0,2517.0,959.0,5.2,891485.0,8355.7
individuals_merge_ID0000051,None,compute,0,1663319839.0,,,1663319844.0,1663319983.0,1663319995.0,1433138.0,1663319854.0,1663320005.0,1663320115.0,1663320121.0,11960473.0,1663320005.0,1663320010.0,5.0,,10.0,151.0,5.0,12.0,17583488.0,6.0,69092704.0,poseidon,condorpool,worker2-container-36-39,individuals_merge,/var/lib/condor/execute/dir_56795/pegasus.GnXgovw0C/individuals_merge,,113.3,0,0,0.0,560177416.0,604594429.0,279492.0,161038.0,103.9,6.1,5092522.0,5496313.0
individuals_merge_ID0000103,None,compute,0,1663319870.0,,,1663319875.0,1663320004.0,1663320017.0,1791868.0,1663319876.0,1663320050.0,1663320161.0,1663320167.0,13771059.0,1663320050.0,1663320055.0,5.0,,1.0,174.0,5.0,13.0,22820336.0,6.0,85676228.0,poseidon,condorpool,worker2-container-36-39,individuals_merge,/var/lib/condor/execute/dir_57187/pegasus.UPQc4HiFt/individuals_merge,,136.8,0,0,0.0,692429063.0,755295597.0,287825.0,170092.0,123.4,6.6,5326377.4,5809966.1
mutation_overlap_ID0000113,None,compute,0,1663320010.0,,,1663320015.0,1663320142.0,1663320146.0,19680222.0,1663320016.0,1663320075.0,1663320188.0,1663320192.0,193144.0,1663320075.0,1663320080.0,5.0,,1.0,59.0,5.0,4.0,70771633.0,4.0,873162.0,poseidon,condorpool,worker1-container-12-15,mutation_overlap,/var/lib/condor/execute/dir_31036/pegasus.ICrp6OQhE/mutation_overlap,,6.6,0,0,,,,,,,,,
frequency_ID0000116,None,compute,0,1663320010.0,,,1663320015.0,1663320142.0,1663320146.0,19463950.0,1663320016.0,1663320270.0,1663320381.0,1663320386.0,3153683.0,1663320270.0,1663320275.0,5.0,,1.0,254.0,5.0,4.0,70788375.0,5.0,16088673.0,poseidon,condorpool,worker2-container-24-27,frequency,/var/lib/condor/execute/dir_42951/pegasus.9nCrpEazb/frequency,,229.0,0,0,0.0,2795686439.0,293904942.0,652510.0,23967.0,213.6,6.4,12707665.6,1335931.6
frequency_ID0000108,None,compute,0,1663320010.0,,,1663320015.0,1663320143.0,1663320147.0,19632313.0,1663320016.0,1663320290.0,1663320402.0,1663320407.0,3587859.0,1663320290.0,1663320295.0,5.0,,1.0,274.0,5.0,4.0,70768463.0,5.0,17942502.0,poseidon,condorpool,worker2-container-4-7,frequency,/var/lib/condor/execute/dir_41289/pegasus.PYE3KqwKv/frequency,,250.0,0,0,0.0,3072698337.0,295808784.0,738464.0,23921.0,232.8,7.2,12802909.7,1232536.6
frequency_ID0000118,hdd_10,compute,0,1663320010.0,,,1663320015.0,1663320143.0,1663320147.0,19818945.0,1663320016.0,1663320255.0,1663320364.0,1663320369.0,3182433.0,1663320255.0,1663320260.0,5.0,,1.0,239.0,5.0,4.0,70765623.0,5.0,15280368.0,poseidon,condorpool,worker1-container-8-11,frequency,/var/lib/condor/execute/dir_29513/pegasus.rlKl7jXBG/frequency,,210.7,0,0,0.0,2661390742.0,298740804.0,647458.0,24310.0,203.4,6.6,12673289.2,1422575.3
frequency_ID0000106,None,compute,0,1663320010.0,,,1663320015.0,1663320141.0,1663320145.0,19572938.0,1663320016.0,1663320225.0,1663320337.0,1663320342.0,2645213.0,1663320225.0,1663320230.0,5.0,,1.0,209.0,5.0,4.0,70761231.0,5.0,13930507.0,poseidon,condorpool,worker2-container-28-31,frequency,/var/lib/condor/execute/dir_41024/pegasus.MAO6feN0A/frequency,,186.3,0,0,0.0,2061340764.0,290452210.0,501546.0,23899.0,174.8,5.2,11451893.1,1613623.4
mutation_overlap_ID0000111,None,compute,0,1663320010.0,,,1663320015.0,1663320143.0,1663320147.0,19499776.0,1663320016.0,1663320050.0,1663320159.0,1663320164.0,184364.0,1663320050.0,1663320055.0,5.0,,1.0,34.0,5.0,4.0,70772049.0,5.0,847882.0,poseidon,condorpool,worker2-container-0-3,mutation_overlap,/var/lib/condor/execute/dir_46748/pegasus.3MRjuD8Ns/mutation_overlap,,6.4,0,0,,,,,,,,,
mutation_overlap_ID0000117,None,compute,0,1663320010.0,,,1663320015.0,1663320142.0,1663320146.0,19496230.0,1663320016.0,1663320045.0,1663320158.0,1663320163.0,195349.0,1663320045.0,1663320050.0,5.0,,1.0,29.0,5.0,4.0,70771985.0,5.0,881772.0,poseidon,condorpool,worker2-container-12-15,mutation_overlap,/var/lib/condor/execute/dir_53659/pegasus.mlJJizygJ/mutation_overlap,,6.5,0,0,,,,,,,,,
frequency_ID0000114,None,compute,0,1663320010.0,,,1663320015.0,1663320144.0,1663320147.0,19752900.0,1663320016.0,1663320260.0,1663320371.0,1663320376.0,3261158.0,1663320260.0,1663320265.0,5.0,,1.0,244.0,5.0,3.0,70765271.0,5.0,15630115.0,poseidon,condorpool,worker1-container-4-7,frequency,/var/lib/condor/execute/dir_37379/pegasus.5msUNgtAB/frequency,,218.3,0,0,0.0,2638569980.0,292145096.0,637320.0,23914.0,203.4,6.6,12564619.0,1391167.1
mutation_overlap_ID0000115,None,compute,0,1663320010.0,,,1663320015.0,1663320143.0,1663320147.0,19201001.0,1663320016.0,1663320075.0,1663320188.0,1663320193.0,633279.0,1663320075.0,1663320080.0,5.0,,1.0,59.0,5.0,4.0,70794737.0,5.0,2959259.0,poseidon,condorpool,worker2-container-32-35,mutation_overlap,/var/lib/condor/execute/dir_49508/pegasus.okkHHwxi3/mutation_overlap,,35.6,0,0,0.1,355275542.0,287176685.0,24863.0,19473.0,29.3,0.6,11842518.1,14358834.2
mutation_overlap_ID0000105,None,compute,0,1663320010.0,,,1663320015.0,1663320141.0,1663320145.0,19464046.0,1663320016.0,1663320045.0,1663320154.0,1663320159.0,160892.0,1663320045.0,1663320050.0,5.0,,1.0,29.0,5.0,4.0,70767593.0,5.0,720583.0,poseidon,condorpool,worker2-container-20-23,mutation_overlap,/var/lib/condor/execute/dir_48866/pegasus.40BkNHdVu/mutation_overlap,,4.0,0,0,,,,,,,,,
frequency_ID0000110,None,compute,0,1663320010.0,,,1663320015.0,1663320141.0,1663320145.0,19767340.0,1663320016.0,1663320250.0,1663320360.0,1663320365.0,3141769.0,1663320250.0,1663320255.0,5.0,,1.0,234.0,5.0,4.0,70764623.0,5.0,15064475.0,poseidon,condorpool,worker1-container-0-3,frequency,/var/lib/condor/execute/dir_34810/pegasus.XPQVuxjTs/frequency,,209.6,0,0,0.0,2361622872.0,291876671.0,572299.0,23883.0,193.8,6.2,11808114.4,1459383.4
frequency_ID0000112,None,compute,0,1663320010.0,,,1663320015.0,1663320141.0,1663320145.0,19717898.0,1663320016.0,1663320235.0,1663320346.0,1663320351.0,2885565.0,1663320235.0,1663320240.0,5.0,,1.0,219.0,5.0,4.0,70765687.0,5.0,14280523.0,poseidon,condorpool,worker2-container-36-39,frequency,/var/lib/condor/execute/dir_57867/pegasus.HSehrhKKN/frequency,,195.5,0,0,0.0,2196097033.0,291078097.0,531383.0,23945.0,184.0,6.0,11558405.4,1531990.0
mutation_overlap_ID0000109,None,compute,0,1663320010.0,,,1663320015.0,1663320143.0,1663320147.0,19471928.0,1663320016.0,1663320045.0,1663320158.0,1663320163.0,174791.0,1663320045.0,1663320050.0,5.0,,1.0,29.0,5.0,4.0,70770985.0,5.0,825464.0,poseidon,condorpool,worker2-container-36-39,mutation_overlap,/var/lib/condor/execute/dir_57866/pegasus.qsXFwCtMF/mutation_overlap,,5.5,0,0,,,,,,,,,
mutation_overlap_ID0000107,None,compute,0,1663320010.0,,,1663320015.0,1663320141.0,1663320145.0,19739018.0,1663320016.0,1663320075.0,1663320188.0,1663320192.0,221169.0,1663320075.0,1663320080.0,5.0,,1.0,59.0,5.0,4.0,70774825.0,4.0,1005411.0,poseidon,condorpool,worker1-container-16-19,mutation_overlap,/var/lib/condor/execute/dir_34626/pegasus.NZ7FUROjQ/mutation_overlap,,8.6,0,0,,,,,,,,,
mutation_overlap_ID0000125,None,compute,0,1663320055.0,,,1663320060.0,1663320190.0,1663320193.0,22825362.0,1663320062.0,1663320095.0,1663320205.0,1663320210.0,148591.0,1663320095.0,1663320100.0,5.0,,2.0,33.0,5.0,3.0,86773922.0,5.0,676004.0,poseidon,condorpool,worker2-container-0-3,mutation_overlap,/var/lib/condor/execute/dir_47019/pegasus.E7b1EuMCr/mutation_overlap,,6.5,0,0,,,,,,,,,
frequency_ID0000128,None,compute,0,1663320055.0,,,1663320060.0,1663320189.0,1663320193.0,23138703.0,1663320061.0,1663320240.0,1663320351.0,1663320356.0,2459354.0,1663320240.0,1663320245.0,5.0,,1.0,179.0,5.0,4.0,86767144.0,5.0,11867147.0,poseidon,condorpool,worker2-container-24-27,frequency,/var/lib/condor/execute/dir_43179/pegasus.aL6s6t3Dv/frequency,,152.2,0,0,0.0,1722085896.0,355588019.0,412218.0,28106.0,145.7,4.1,11480572.6,2370586.8
mutation_overlap_ID0000123,None,compute,0,1663320055.0,,,1663320060.0,1663320187.0,1663320191.0,22913673.0,1663320062.0,1663320090.0,1663320202.0,1663320206.0,134017.0,1663320090.0,1663320095.0,5.0,,2.0,28.0,5.0,4.0,86772858.0,4.0,615074.0,poseidon,condorpool,worker2-container-12-15,mutation_overlap,/var/lib/condor/execute/dir_53932/pegasus.BmAOnnK2G/mutation_overlap,,5.6,0,0,,,,,,,,,
mutation_overlap_ID0000129,None,compute,0,1663320055.0,,,1663320060.0,1663320189.0,1663320193.0,22947061.0,1663320061.0,1663320115.0,1663320229.0,1663320233.0,370766.0,1663320115.0,1663320120.0,5.0,,1.0,54.0,5.0,4.0,86796610.0,4.0,1716340.0,poseidon,condorpool,worker1-container-16-19,mutation_overlap,/var/lib/condor/execute/dir_34853/pegasus.EnjUB6fwu/mutation_overlap,,30.2,0,0,0.0,460464208.0,355260080.0,31038.0,23589.0,29.2,0.7,15348806.9,11842002.7
mutation_overlap_ID0000127,None,compute,0,1663320055.0,,,1663320060.0,1663320189.0,1663320193.0,22607713.0,1663320061.0,1663320095.0,1663320205.0,1663320209.0,150232.0,1663320095.0,1663320100.0,5.0,,1.0,34.0,5.0,4.0,86773506.0,4.0,691296.0,poseidon,condorpool,worker2-container-32-35,mutation_overlap,/var/lib/condor/execute/dir_49738/pegasus.Wd0RNafZ7/mutation_overlap,,6.5,0,0,,,,,,,,,
frequency_ID0000122,None,compute,0,1663320055.0,,,1663320060.0,1663320189.0,1663320194.0,20586375.0,1663320062.0,1663320250.0,1663320361.0,1663320365.0,2366470.0,1663320250.0,1663320255.0,5.0,,2.0,188.0,5.0,5.0,86770336.0,4.0,11227009.0,poseidon,condorpool,worker2-container-20-23,frequency,/var/lib/condor/execute/dir_49138/pegasus.32hdNwShw/frequency,,161.3,0,0,0.0,1716568193.0,355115450.0,407352.0,28133.0,155.6,4.3,10728551.2,2219471.6
frequency_ID0000132,None,compute,0,1663320055.0,,,1663320060.0,1663320188.0,1663320192.0,23165635.0,1663320061.0,1663320240.0,1663320348.0,1663320353.0,2803200.0,1663320240.0,1663320245.0,5.0,,1.0,179.0,5.0,4.0,86767496.0,5.0,13273343.0,poseidon,condorpool,worker1-container-0-3,frequency,/var/lib/condor/execute/dir_35040/pegasus.lJ8BmNPLf/frequency,,150.2,0,0,0.0,2059593588.0,369417248.0,498659.0,28686.0,145.5,4.5,13730623.9,2462781.7
frequency_ID0000130,None,compute,0,1663320055.0,,,1663320060.0,1663320188.0,1663320192.0,20879202.0,1663320062.0,1663320245.0,1663320356.0,1663320361.0,2245198.0,1663320245.0,1663320250.0,5.0,,2.0,183.0,5.0,4.0,86790248.0,5.0,10717772.0,poseidon,condorpool,worker2-container-36-39,frequency,/var/lib/condor/execute/dir_58418/pegasus.k8I99TsQR/frequency,,157.1,0,0,0.0,1722278563.0,353753177.0,382184.0,28011.0,145.6,4.3,11481857.1,2358354.5
frequency_ID0000126,None,compute,0,1663320055.0,,,1663320060.0,1663320187.0,1663320190.0,22862742.0,1663320061.0,1663320240.0,1663320348.0,1663320353.0,2529670.0,1663320240.0,1663320245.0,5.0,,1.0,179.0,5.0,3.0,86767560.0,5.0,11925316.0,poseidon,condorpool,worker2-container-36-39,frequency,/var/lib/condor/execute/dir_58416/pegasus.zVLEcQ1vM/frequency,,151.7,0,0,0.0,1710841053.0,355690433.0,410643.0,28118.0,145.2,4.6,11405607.0,2371269.6
mutation_overlap_ID0000131,None,compute,0,1663320055.0,,,1663320060.0,1663320187.0,1663320190.0,22807202.0,1663320061.0,1663320090.0,1663320202.0,1663320207.0,146373.0,1663320090.0,1663320095.0,5.0,,1.0,29.0,5.0,3.0,86773858.0,5.0,661361.0,poseidon,condorpool,worker2-container-0-3,mutation_overlap,/var/lib/condor/execute/dir_47018/pegasus.c0KkTZ2KE/mutation_overlap,,6.5,0,0,,,,,,,,,
mutation_overlap_ID0000121,None,compute,0,1663320055.0,,,1663320060.0,1663320189.0,1663320193.0,22109431.0,1663320061.0,1663320095.0,1663320207.0,1663320211.0,165231.0,1663320095.0,1663320100.0,5.0,,1.0,34.0,5.0,4.0,86776698.0,4.0,748209.0,poseidon,condorpool,worker2-container-20-23,mutation_overlap,/var/lib/condor/execute/dir_49137/pegasus.LI3RMrViT/mutation_overlap,,7.9,0,0,,,,,,,,,
frequency_ID0000124,None,compute,0,1663320055.0,,,1663320060.0,1663320188.0,1663320192.0,22102102.0,1663320061.0,1663320240.0,1663320349.0,1663320354.0,2339600.0,1663320240.0,1663320245.0,5.0,,1.0,179.0,5.0,4.0,86766496.0,5.0,10797664.0,poseidon,condorpool,worker2-container-36-39,frequency,/var/lib/condor/execute/dir_58415/pegasus.PC73LkUrW/frequency,,151.5,0,0,0.0,1501739304.0,354304946.0,361747.0,28120.0,145.1,4.7,10011595.4,2362033.0
mutation_overlap_ID0000119,None,compute,0,1663320055.0,,,1663320060.0,1663320189.0,1663320193.0,22793432.0,1663320061.0,1663320095.0,1663320203.0,1663320207.0,123481.0,1663320095.0,1663320100.0,5.0,,1.0,34.0,5.0,4.0,86769466.0,4.0,560053.0,poseidon,condorpool,worker2-container-12-15,mutation_overlap,/var/lib/condor/execute/dir_53931/pegasus.PIBcaGEmJ/mutation_overlap,,4.3,0,0,,,,,,,,,
frequency_ID0000120,None,compute,0,1663320055.0,,,1663320060.0,1663320189.0,1663320193.0,23211337.0,1663320061.0,1663320230.0,1663320343.0,1663320348.0,2573812.0,1663320230.0,1663320235.0,5.0,,1.0,169.0,5.0,4.0,86763104.0,5.0,11743333.0,poseidon,condorpool,worker1-container-4-7,frequency,/var/lib/condor/execute/dir_37609/pegasus.d9STQMyGF/frequency,,144.8,0,0,0.0,1623155694.0,355028383.0,394208.0,28031.0,135.9,3.9,11593969.2,2535917.0
stage_out_local_condorpool_2_1,None,transfer,0,1663320255.0,,,1663320260.0,,,0.0,1663320260.0,1663320265.0,,,0.0,1663320265.0,1663320270.0,5.0,,0.0,5.0,5.0,,,,,poseidon,local,host-10-100-100-233.openstacklocal,pegasus::transfer,/home/poseidon/pegasus-5.1.0panorama/bin/pegasus-transfer,/home/poseidon/pegasus-5.1.0panorama/bin/../bin/pegasus-kickstart  -n pegasus::transfer -N null -i - -R local  -L 1000-genome -T 2022-08-03T06:30:23+00:00 /home/poseidon/pegasus-5.1.0panorama/bin/../bin/pegasus-transfer  --threads 2,1.8,0,0,,,,,,,,,
stage_out_local_condorpool_2_2,None,transfer,0,1663320275.0,,,1663320280.0,,,0.0,1663320281.0,1663320285.0,,,0.0,1663320285.0,1663320290.0,5.0,,1.0,4.0,5.0,,,,,poseidon,local,host-10-100-100-233.openstacklocal,pegasus::transfer,/home/poseidon/pegasus-5.1.0panorama/bin/pegasus-transfer,/home/poseidon/pegasus-5.1.0panorama/bin/../bin/pegasus-kickstart  -n pegasus::transfer -N null -i - -R local  -L 1000-genome -T 2022-08-03T06:30:23+00:00 /home/poseidon/pegasus-5.1.0panorama/bin/../bin/pegasus-transfer  --threads 2,2.0,0,0,,,,,,,,,
stage_out_local_condorpool_2_0,None,transfer,0,1663320295.0,,,1663320300.0,,,0.0,1663320300.0,1663320305.0,,,0.0,1663320305.0,1663320310.0,5.0,,0.0,5.0,5.0,,,,,poseidon,local,host-10-100-100-233.openstacklocal,pegasus::transfer,/home/poseidon/pegasus-5.1.0panorama/bin/pegasus-transfer,/home/poseidon/pegasus-5.1.0panorama/bin/../bin/pegasus-kickstart  -n pegasus::transfer -N null -i - -R local  -L 1000-genome -T 2022-08-03T06:30:23+00:00 /home/poseidon/pegasus-5.1.0panorama/bin/../bin/pegasus-transfer  --threads 2,2.0,0,0,,,,,,,,,
cleanup_1000-genome_0_condorpool,None,auxiliary,0,1663320310.0,,,1663320315.0,,,0.0,1663320316.0,1663320320.0,,,0.0,1663320320.0,1663320325.0,5.0,,1.0,4.0,5.0,,,,,poseidon,local,host-10-100-100-233.openstacklocal,pegasus::cleanup,/home/poseidon/pegasus-5.1.0panorama/bin/pegasus-transfer,-n pegasus::cleanup -N null -i - -R local  -L 1000-genome -T 2022-08-03T06:30:23+00:00 /home/poseidon/pegasus-5.1.0panorama/bin/../bin/pegasus-transfer,0.2,0,0,,,,,,,,,
